59775.8073968	1.0005679533080465	0.004522388321286906
59775.808346487	1.0010440192598082	0.004522387187505296
59775.80929404	1.0028783869795304	0.004522386317231595
59775.810238483	1.0004191616845524	0.004522385664985018
59775.811184435	1.0048990708143988	0.00452238522176221
59775.812129832	0.9928474911282696	0.004522384940393393
59775.813075043	1.001741704236475	0.004522384812600572
59775.814022636	1.0035418313648772	0.004522384802738098
59775.814968606	0.9980337517741649	0.004522384889101838
59775.815913475	0.9977903363563585	0.0045223850493097024
59775.816860726	0.9969997247815918	0.004522385262850486
59775.817806762	1.000719041859501	0.00452238551668071
59775.81875185	0.9947158063960115	0.004522385773069155
59775.819696727	1.0022846709307327	0.004522386060455877
59775.820643121	0.9994568577803133	0.004522386315531919
59775.821589075	0.9960678547988048	0.004522386546012416
59775.822533849	0.999398505329508	0.004522386771685035
59775.823480867	1.0000408289478069	0.004522386954290662
59775.824425939	1.0000016191574146	0.004522387094765022
59775.825371697	0.9973666552029665	0.004522387181092883
59775.826319744	1.002143620780806	0.004522387260338244
59775.827266808	1.0031229742820575	0.004522387278573722
59775.828212661	0.9994006493445	0.004522387232372305
59775.829157248	1.0016721273970055	0.004522387176658043
59775.830102954	1.003875641468523	0.004522387083983522
59775.831048256	0.9957960630199969	0.004522386914125974
59775.831994291	0.9967339035512213	0.004522386757094173
59775.832939768	1.001284224084983	0.0045223865900359764
59775.833886068	0.9971037733455643	0.004522386374840364
59775.834832093	0.999969137194038	0.004522386172144725
59775.835777884	0.9987407259521588	0.004522385953568081
59775.836723073	0.9985195120085957	0.0045223857406191375
59775.837667977	0.9991879793226842	0.0045223855381369416
59775.838613894	1.0002635309568748	0.004522385350404076
59775.839561137	1.0024920888270552	0.004522385183304157
59775.840505396	0.9991963887221775	0.004522385038399314
59775.8414514	1.004166063666295	0.0045223849268913935
59775.842397133	0.9987390611178453	0.004522384845930486
59775.84334342	0.9973173580398845	0.004522384802083146
59775.844289466	0.9945810392103706	0.004522384795820725
59775.845235665	1.0023281738715601	0.00452238482829993
59775.847129429	1.0040488759340271	0.004522385008768952
59775.848075192	1.006186599801214	0.004522385154331099
59775.849020496	1.0013170353605854	0.0045223853258959884
59775.849965855	1.0050329309191677	0.004522385534682803
59775.850912604	0.9987622864555887	0.00452238575226017
59775.851860146	1.0002383746943142	0.00452238600293861
59775.852806618	1.0001702246724138	0.004522386266058765
59775.853753118	1.0002722153865538	0.004522386540823298
59775.854697538	0.999643405562694	0.004522386818436282
59775.855642641	0.9969613790234508	0.004522387087502546
59775.856589231	0.9941996464133926	0.004522387350035875
59775.858480164	1.0083690507823675	0.004522387955073829
59775.859425524	1.0096341099602428	0.004522388200100026
59775.860370968	0.9992514668656105	0.004522388336485071
59775.861317725	0.9980202381956971	0.004522388503949752
59775.862262574	1.0042270687641257	0.0045223886953255615
59775.863206607	1.0023494388198588	0.0045223887898773445
59775.864150211	0.9987976636906108	0.004522388833355272
59775.865093941	1.0007127601817316	0.004522388883511802
59775.866037521	0.9979956815838397	0.0045223888584417105
59775.866981259	0.9994348394077872	0.004522388830176488
59775.867926134	1.0045673680597904	0.0045223887944528295
59775.868870221	1.0010549690019577	0.004522388654536057
59775.869816147	0.9942767590927815	0.0045223884590252245
59775.870759464	0.9966909141102062	0.004522388303118667
59775.871702836	0.9950445764074463	0.004522388091090417
59775.872646446	0.9989276006825594	0.004522387889845806
59775.873589918	1.008323566301554	0.004522387694278474
59775.874533304	0.9961613645735153	0.004522387357693959
59775.875476753	1.0077407741373905	0.0045223871293404
59775.876420265	0.9945174477668782	0.0045223867779668
59775.877364896	0.9979210898211996	0.004522386494897241
59775.878308228	0.9954426028727303	0.004522386193879046
59775.879252101	1.0034337037673762	0.00452238592760867
59775.880195051	0.9962405770309265	0.0045223856421304776
59775.881137905	1.001362399608603	0.0045223854016083745
59775.88208113	0.994961170852831	0.004522385178084584
59775.883968513	0.995658039395737	0.004522384872989505
59775.884912381	0.9889705585023438	0.004522384802984179
59775.885855779	1.0097521585796927	0.004522384803537069
59775.886798884	0.9984686092793623	0.004522384886686853
59775.887741972	0.9999851337181378	0.004522385068622466
59775.888685641	1.0030806327824626	0.004522385368265676
59775.889629064	0.9959773010063764	0.004522385784963131
59775.890572126	0.9967582938782507	0.004522386362427376
59775.891515901	1.003743396284563	0.004522387143422034
59775.892459133	1.0029806395723262	0.004522388095116396
59775.893402065	1.001262511941662	0.004522389258084379
59775.894345165	1.0030168051816322	0.004522390702802921
59775.895291516	1.0030485214575804	0.0045223924176770935
59775.896234727	0.9935038910442315	0.004522394252868977
59775.897178331	0.9965860645853878	0.004522396638989294
59775.898121762	1.0043960910674532	0.004522399561367732
59775.899064536	1.0030716261467747	0.004522402655055437
59775.90000788	1.0041233146875643	0.004522406275737094
59775.900951391	0.9942925140559844	0.004522409839762392
59775.901895168	0.9965077785532865	0.004522414459663699
59775.902838259	1.0002234020241823	0.0045224197667299
59775.903781941	0.9982142886737377	0.0045224252771879515
59775.904725341	0.9964439149470163	0.00452243138162458
59775.905669561	0.9888578440942304	0.004522437482162858
59775.906613059	0.9906420328702057	0.004522445189072552
59775.90755623	0.9946761454050428	0.004522453992829283
59775.908499683	0.9948431128056685	0.004522463109407863
59775.909443242	0.9959071424808933	0.004522473211972737
59775.910387718	0.991377038438881	0.004522483121023746
59775.911333636	0.9871385348503687	0.004522493813539257
59775.912276977	0.9877334546730749	0.004522506395367844
59775.913220878	0.9895553599055724	0.004522520331582505
59775.914165392	0.9947364105618968	0.004522536432274419
59775.915109168	0.9914642624598997	0.004522551083821817
59775.916053032	0.9919479819465109	0.004522568034508284
59775.916996268	0.9903344948320213	0.004522585327032648
59775.917939806	0.9955072172967172	0.004522606733399897
59775.918883288	0.9877692718368944	0.004522623555315731
59775.919826502	0.9936997671576961	0.004522648242433607
59775.920770059	0.9945284491571718	0.00452267190353531
59775.921714169	0.9965954087102886	0.004522697851516861
59775.922657699	1.003201854143382	0.0045227285721443815
59775.923601056	0.9896873099415007	0.004522746710955521
59775.924544331	0.9979967495689144	0.004522782182611618
59775.9254887	0.9928787887012583	0.00452280882812606
59775.926432885	0.9959435222395759	0.004522844013426061
59775.927375892	0.9951677157350189	0.004522877484301265
59775.928319033	0.997646826743612	0.004522916075674695
59775.929262628	0.9962351665302559	0.004522952441925688
59775.930206609	0.9897618466358274	0.00452298433114467
59775.931151188	0.9867002346766511	0.0045230215416134836
59775.932094438	0.9977446661143168	0.004523079630939144
59775.933039227	1.0001256603745348	0.004523129033218253
59775.933985023	0.9961279601514201	0.0045231709455363965
59775.934928925	0.9907928361044918	0.0045232119020932205
59775.935872461	0.9929918653859189	0.0045232673001128765
59775.936816769	1.0007280309437365	0.004523335935146957
59775.937760165	0.9952782892489669	0.004523382071984973
59775.938703096	1.0035740861397833	0.004523458519311542
59775.939646582	0.9932732682139354	0.0045234975390404265
59775.940590168	0.9908142437544398	0.004523555105509782
59775.941533938	1.002638341946664	0.004523650325689198
59775.942477507	0.9969308833844404	0.00452370486288775
59775.943420771	0.9949690406420004	0.004523770876488803
59775.944364549	0.9935150841141089	0.004523840503642918
59775.945308498	0.9939404879297866	0.004523918197940299
59775.94625174	0.9966230040721817	0.004524006048701725
59775.947195304	0.9931970611370666	0.004524076763303258
59775.948139338	1.0020884200566038	0.00452419344013352
59775.949083798	1.0000139310379943	0.004524274840483878
59775.950027516	0.9958754961266719	0.004524350278546647
59775.950970645	0.9977759723038181	0.004524452151562828
59775.951915049	0.9888791697998576	0.004524511305139819
59775.952858983	1.0016829436671286	0.004524668175796661
59775.95380418	1.0003017342505078	0.004524766414069917
59775.954748074	0.9958837462405414	0.004524852126534373
59775.955691398	0.998811501844203	0.004524977210605072
59775.956634961	0.992838254211891	0.00452505888496623
59775.957578944	1.000550399256513	0.004525218379761889
59775.958522095	0.9889727789979812	0.004525271580232859
59775.959465322	0.9904910863725351	0.004525402643681346
59775.960408794	0.9937132688131673	0.004525548847109499
59775.96135289	0.9911296455945284	0.004525661947029112
59775.962296433	0.9893328459877252	0.004525782652395287
59775.963239876	0.9940544011251644	0.0045259526498362705
59775.964183805	0.9963692134831745	0.004526111235440384
59775.965127622	0.9926513583752298	0.0045262281385941745
59775.966071057	0.9963595299689614	0.004526406409449684
59775.967014293	0.9878856193123275	0.00452648910151428
59775.967957705	0.9927082431522338	0.0045266854459034295
59775.968901328	0.9925723883853115	0.004526844415419186
59775.96984487	0.9893740421187788	0.00452697882262076
59775.970789115	0.9891672333483008	0.004527144078929535
59775.971733928	0.9873220885091645	0.004527297076047493
59775.972677479	0.9919848540543997	0.004527519821989952
59775.973620497	0.9961365397403906	0.004527744739791641
59775.974564283	1.000335589571704	0.004527977867398568
59775.975507948	0.9932199849105212	0.004528088121629837
59775.976451419	0.9984087707702914	0.004528343661470104
59775.977395366	0.9903109295274691	0.004528444597621766
59775.978339444	0.9984553334447122	0.00452874953099227
59775.979283418	0.9862096080671067	0.0045287988119234665
59775.980226828	0.9914208501580878	0.004529077626424234
59775.981170051	0.9932454773069845	0.004529318479586468
59775.982113583	0.9893671324898687	0.0045294836711759785
59775.983057837	0.9956581844182997	0.004529801021821043
59775.984002893	0.9857013950926015	0.004529880753246027
59775.984946181	0.9922252062306935	0.004530214758124588
59775.985890404	0.9975786876488615	0.004530541563890664
59775.98683324	0.9922708509977616	0.004530699153846638
59775.987777957	0.9923864915275027	0.0045309506110880705
59775.988721747	0.9941027951304624	0.004531235328183733
59775.989665501	1.0004373394752897	0.0045316117629235824
59775.990609006	0.9845513754017217	0.004531581329511866
59775.991551982	0.9982162568405586	0.004532110316757056
59775.992495432	0.9920544155685821	0.004532264835843884
59775.993438327	0.9941090144504259	0.004532585976755388
59775.994382366	0.9889863021108865	0.004532764064456912
59775.995325464	0.9865141176952574	0.0045329986073418035