koi #	TTV amplitude (mins)	BIC score (>10 = strong evidence)		
1.01	0.026498944624564987	2.3000000000000003
2.01	0.07253462252953509	10.67
3.01	0.13415758246999102	18.51
5.01	0.6118627050286974	2.14
7.01	1.205783137471421	1.67
10.01	0.16583494965763876	-3.3200000000000003
12.01	1.2435200719966806	308.05
13.01	0.050564171335216374	33.
17.01	0.1245219125055218	6.3
18.01	0.17614586158837486	0.38
20.01	0.12168861478427118	5.43
22.01	0.18304116528315487	0.77
41.01	5.282987398990106	3.35
41.02	29.922916389292677	191.12
41.03	57.021554738834304	104.92
42.01	10.056448745725287	521.32
46.01	1.3591847236725092	9.51
49.01	2.382065471295416	4.37
63.01	0.46753447426602945	65.46000000000001
69.01	1.080525196166138	2.29
70.01	2.6188414079736755	55.230000000000004
70.02	3.8187893385472145	60.99
70.03	5.88854861589818	11.33
70.05	36.068625457268205	58.89
72.01	1.4262273355157096	6.53
72.02	5.992094327598865	23.04
75.01	71.4578880764565	4497.68
82.01	1.3385573642577369	6.4
82.02	4.79723478587412	15.5
82.03	21.04753599718869	47.45
82.04	21.025117519115888	76.60000000000001
84.01	5.1701475909593535	255.20000000000002
85.01	2.414981332487671	24.69
85.02	8.739251186832334	121.92
85.03	18.678267229486586	168.85
89.01	9.873761251046478	8.25
89.02	172.88898242881746	162.29
92.01	3.7972491954366636	10.4
94.01	0.9385533136719408	36.480000000000004
94.02	5.590357849017273	85.92
94.03	5.889033331499991	108.41
94.04	22.43745923861378	99.65
97.01	0.15699422768051471	1.84
98.01	0.38632047258207136	-2.34
100.01	2.2648714201750697	19.32
102.01	0.6238158083399679	3.22
103.01	28.908049120571278	2679.93
104.01	0.4570899771678931	-3.62
105.01	1.2251286629488087	3.47
107.01	2.974949757476504	6.54
108.01	3.3147686828810587	11.34
108.02	23.978277030607845	283.51
110.01	1.8456956917207372	-1.45
111.01	3.8875944437737853	20.39
111.02	7.834416433876944	46.96
111.03	25.87687444990629	8.8
112.01	2.323947524281535	-5.57
112.02	9.921719339928668	30.12
115.01	2.2012064646619343	17.57
115.02	8.759745846433638	19.75
116.01	4.270744773762073	7.03
116.02	4.9953317073488295	-1.4000000000000001
117.01	6.334184266335988	11.15
117.02	20.350414296754078	93.36
117.03	20.7607369750154	94.81
118.01	8.577567205264273	3.92
119.01	3.052948144314676	18.95
119.02	10.992510923144074	15.56
122.01	2.755879704246568	3.64
123.01	3.7667852711185197	12.6
123.02	5.982290779522967	8.08
124.01	4.160981887568811	-3.58
124.02	4.219923151441389	-5.76
127.01	0.16143513196990078	5.07
128.01	0.15089627787140006	-1.59
137.01	4.5118018541063805	509.14
137.02	4.484020720714696	509.72
137.03	6.663584319328808	37.25
139.01	295.22119409311506	3824.42
139.02	11.705658322668372	48.28
141.01	0.49610407241676024	-0.92
142.01	641.1162185375198	5.8412185600000005e6
144.01	1.655037766861618	4.61
148.01	4.813181458090206	29.560000000000002
148.02	4.032918354839348	57.22
148.03	10.294004346164582	9.28
149.01	2.4786760448471834	-4.8
150.01	2.4158247863134026	0.87
150.02	3.725121822678279	-1.6500000000000001
151.01	3.3540473740239873	4.95
152.01	8.734211282207122	143.33
152.02	15.392703876741693	53.4
152.03	11.726582976380154	82.84
152.04	37.314878623275945	25.93
153.01	2.557821095779024	3.16
153.02	3.369295425241251	21.32
155.01	2.533177989899062	0.36
156.01	5.70587844713682	24.310000000000002
156.02	9.328741878166221	34.59
156.03	2.7407924892536806	19.330000000000002
157.01	7.0591470436417225	30.650000000000002
157.02	10.065325072792922	61.03
157.03	6.82324703562895	48.910000000000004
157.04	25.589909419354996	105.15
157.05	9.945874196812214	8.6
157.06	17.10196988729106	77.4
159.01	4.385618774313348	2.52
161.01	1.3849343727982721	11.620000000000001
162.01	4.352928849253007	5.8500000000000005
165.01	4.6716760376840885	22.43
166.01	3.678887751410101	7.16
167.01	4.040449797786138	12.26
168.01	22.88596557632047	217.54
168.02	25.25884460557775	50.29
168.03	37.36920680808045	21.04
171.01	4.0786211934904335	10.39
171.02	14.176762568181214	15.51
172.01	4.626748642087979	-0.79
172.02	54.51860584688029	4.37
173.01	4.7696386542865215	-1.28
174.01	5.767581003366131	9.290000000000001
176.01	10.12557622120623	11.32
177.01	14.398026898899127	23.580000000000002
179.01	4.97127258547701	1.83
180.01	2.000312981397775	-1.82
183.01	0.08795117958452027	-1.47
186.01	0.2372473305813908	14.43
188.01	0.16391563792457922	2.04
189.01	0.42756165738754276	1.04
191.01	0.5399316628264409	2.99
191.02	7.531144705916485	56.71
191.04	13.839053153017453	-3.93
192.01	0.22352645787665706	-5.3100000000000005
193.01	0.34074637547587183	-0.3
195.01	0.2023773796753422	2.77
196.01	0.15327960191908446	4.21
197.01	0.4150592787554523	3.15
199.01	0.2390857426835167	0.9
200.01	0.8922643435676919	15.84
202.01	0.2485886358675561	41.79
203.01	0.21830049317822012	172.28
204.01	0.409340910307041	-1.98
208.01	0.6692742240466245	23.05
209.01	2.748382518886322	31.51
209.02	10.092513027008321	361.02
212.01	0.7511222864772321	4.01
214.01	0.48955361386346863	12.9
216.01	1.3763692646941021	3.86
217.01	0.35192045622036927	80.65
219.01	0.8882677979778548	-1.54
220.01	0.7137279179802084	0.21
221.01	0.6568788902849597	2.73
222.01	2.6826291113490623	2.81
222.02	12.735051275494923	39.19
223.01	1.8161681417051203	0.47000000000000003
223.02	11.89618885703285	13.01
226.01	9.290054817207416	40.38
227.01	958.6948614914107	768380.39
232.01	1.5646864361822574	3.37
232.02	15.373318802454186	115.85000000000001
232.03	38.285135939221156	113.16
232.04	272.3738412282297	85.77
232.05	47.653202200823856	60.07
234.01	4.7403267407639404	4.28
235.01	3.633439569448417	4.64
237.01	3.5927703546452223	0.93
238.01	5.8721578165301125	-1.86
238.02	77.49937052291392	56.9
239.01	1.9623246850683749	-1.99
240.01	2.8669218874789792	2.35
241.01	5.5787054937988785	6.94
241.02	18.023184888496036	-2.83
242.01	1.1966202561904067	1.04
244.01	1.4457592886995576	107.92
244.02	3.8334564054421425	162.26
245.01	2.02005398407046	33.59
245.02	12.05471111544384	19.89
246.01	1.0499217031026893	-0.3
246.02	28.592685196325224	188.62
247.01	5.58728558925953	5.66
248.01	10.588275313702756	215.28
248.02	19.019367324546526	191.73000000000002
248.03	5.548042975148658	26.26
248.04	15.59935370132867	41.59
249.01	1.534115115242197	-1.6500000000000001
250.01	10.09196984310446	302.7
250.02	11.792451481990792	187.16
250.04	4.850677228279447	-5.1000000000000005
251.01	1.704832851391818	8.040000000000001
252.01	4.133026199560046	1.9000000000000001
253.01	2.958080448242373	-2.18
253.02	68.95119418527382	134.83
254.01	0.17189327410213842	15.13
255.01	4.324164270996752	5.53
257.01	0.925647577339669	-4.79
260.01	6.817383924239328	10.43
260.02	9.79455262764839	28.85
260.03	22.90635041030323	143.76
262.01	36.59704475184675	484.8
262.02	15.676956995147723	159.65
263.01	11.371275611077376	6.95
265.01	9.523606390745154	22.150000000000002
268.01	5.366939413092595	12.82
269.01	7.810092518632813	0.64
270.01	11.880254348687965	10.88
270.02	23.577424771070717	90.37
271.01	7.852781506949382	17.150000000000002
271.02	11.715310942509642	62.78
271.03	13.706039719027435	28.91
273.01	2.493522903142133	5.53
274.01	70.89931032615453	237.79
274.02	110.69639381406519	262.66
275.01	10.8333760365913	15.290000000000001
275.02	16.369626844819773	0.29
276.01	4.316795626225851	15.530000000000001
277.01	118.37380141947597	25600.08
277.02	177.06630201372738	1925.39
279.01	3.1764806399829557	41.5
279.02	14.370104746521962	56.4
280.01	1.5447625853010196	-0.9
281.01	5.66315744381014	2.25
282.01	2.5266695938926684	7.32
282.02	16.461967210353183	34.85
282.03	16.969509537702073	0.27
283.01	2.1764003811293318	2.2800000000000002
283.02	64.81179446586135	122.78
284.01	10.787566438414167	18.55
284.02	10.222673217753066	24.98
284.03	13.761790826481237	40.4
284.04	4.762649453692685	-5.86
285.01	3.1448987137492184	2.44
285.02	17.653213135180046	36.21
285.03	56.96226025788125	120.82000000000001
288.01	3.9226297650911337	-5.17
289.01	4.214221009030132	-3.41
291.01	8.009805489512456	-0.9
291.02	18.203665259411427	35.02
292.01	5.128820382096137	20.88
294.01	14.156957665289093	35.980000000000004
295.01	5.217659596992004	28.16
295.02	19.088880266867726	29.490000000000002
296.01	6.010644783525942	-1.3800000000000001
297.01	7.875342369494525	9.23
298.01	8.18096732634552	4.61
298.02	22.051179930091806	6.65
299.01	3.86474517241493	27.490000000000002
301.01	8.333039393261254	33.9
301.02	44.98654429910966	103.75
303.01	6.765815006497192	11.07
304.01	2.0623418774773548	10.49
305.01	2.664034435878242	2.86
306.01	3.5900933743930725	6.72
307.01	12.74969313721095	19.57
307.02	16.445780861818704	43.660000000000004
308.01	35.1881603511108	1468.13
312.01	22.464999371064405	272.06
312.02	12.86745678550697	39.910000000000004
313.01	5.106200722143679	18.39
313.02	4.9910143035809105	10.55
314.01	4.007533429575762	45.79
314.02	23.54313645438286	793.0600000000001
315.01	134.40055324808824	19249.260000000002
316.01	3.8723320602956255	1.55
316.02	31.370432942295608	101.22
316.03	7.401727151595089	24.61
317.01	6.379263365175869	7.
318.01	11.947704699749794	381.46
319.01	13.010851794792018	570.9
321.01	5.948188814386526	39.56
323.01	1.759439784702424	2.27
326.01	9.944546690735017	30.93
326.02	234.414581679854	15.11
327.01	9.864437023066898	59.370000000000005
327.02	42.325433893477886	30.
330.01	21.6870740119267	90.28
331.01	11.266781631417924	4.12
332.01	7.915356577526713	11.36
333.01	6.955282022634166	8.59
337.01	9.468309254771091	-1.72
338.01	6.825499410566357	5.48
339.01	6.634426834105146	49.230000000000004
339.02	12.908004811050773	13.040000000000001
341.01	26.849639061030487	1224.68
341.02	48.422091564757835	1146.48
343.01	4.552002368307528	38.160000000000004
343.02	7.885271642765137	97.62
343.03	66.30068149854938	67.35
344.01	5.530008716599201	19.47
345.01	11.395788052884916	233.38
346.01	3.2972961340086697	5.41
348.01	2.643146821249162	4.3100000000000005
349.01	3.320275680557915	-3.14
350.01	68.01386100398425	369.08
351.03	13.213399281593533	1.01
351.04	14.353877712430158	-1.93
352.01	15.784215244022757	11.88
353.01	5.456912211520918	15.200000000000001
353.02	21.37388355178691	29.6
354.01	4.460959801552647	-0.97
354.02	39.69788001155951	164.81
355.01	6.236764217997809	47.28
356.01	1.1644553399380446	12.84
361.01	9.820950079418155	59.370000000000005
365.01	3.218581008614904	2.72
366.01	0.9321894870346614	8.43
367.01	0.5229336461720612	0.37
368.01	2.941218218947422	15.5
369.01	10.793028639399946	38.57
369.02	8.976613746234305	4.16
370.01	8.401651326997616	11.790000000000001
370.02	19.996388394504727	36.89
372.01	17.881260344693803	6206.93
373.01	6.510754665087023	6.11
374.01	103.62864460584025	196.47
377.01	520.9826323259556	8.68561351e6
377.02	1186.3297544317386	1.822005018e7
384.01	14.678046567632478	52.71
385.01	15.774868437447974	48.77
386.01	6.276149150546513	1.75
386.02	16.57755688874784	5.72
387.01	2.3282812566221005	2.63
388.01	8.348287644990888	10.41
392.01	45.00106217100373	56.
393.01	15.940311768985309	0.4
398.01	2.1811104130627244	25.51
398.02	3.3748411978587476	26.310000000000002
398.03	21.86099006619406	416.7
401.01	2.113858311021204	-0.11
401.02	4.921191116609934	-3.9
401.03	50.758941222810435	28.26
403.01	2.569801471884741	-1.2
408.01	3.0355600063305066	5.21
408.02	9.383228136073487	30.53
408.03	24.33452074338285	36.230000000000004
409.01	7.105842101804154	15.36
410.01	7.676757159831856	366.31
412.01	0.6663377516965796	-0.45
413.01	3.7634721356798075	1.81
413.02	14.910916178326378	15.780000000000001
415.01	1.0724235445930743	-3.56
416.01	1.69326571848656	-5.42
416.02	4.30889954670179	-2.
417.01	1.1282205763539828	13.23
420.01	0.8664881248921249	4.07
421.01	0.20593299135455514	-3.71
423.01	0.5537845002279936	0.99
426.01	4.105297826892785	-4.49
427.01	8.06316870993416	43.39
427.02	23.460733274130536	48.29
428.01	0.8773640568552333	-2.65
429.01	1.542673511275537	4.96
430.01	4.081834541221921	18.51
431.01	4.975630015347475	4.09
431.02	11.57753362308242	10.25
432.01	2.1813039064348176	7.92
433.01	1.7583779157634487	12.86
435.01	7.731903855357213	36.67
435.03	19.28952901630487	23.32
435.05	9.819408684378963	-1.29
438.01	3.627323557000287	9.120000000000001
438.02	7.488002901552561	5.57
439.01	0.750711462753549	-0.3
440.01	6.076223952460521	9.23
440.02	3.2963041548663443	1.67
442.01	16.096298424195993	65.2
443.01	6.094482450409525	0.88
444.01	5.823107885578711	-1.85
446.01	8.68993241322302	11.17
446.02	14.68040086178875	9.72
448.01	5.476307539912295	14.34
448.02	461.0598207490614	19600.66
452.01	6.773412475186822	14.6
454.01	8.81082972270012	-0.07
456.01	20.685773341445525	410.05
456.02	14.228120624947845	18.32
457.01	2.679259920259955	-1.83
457.02	9.107801718265716	113.26
458.01	2.267043414748332	-5.26
459.01	4.886989418355118	8.27
460.01	2.4776827802028887	-5.29
463.01	4.372812445071047	42.79
464.01	4.0325370407662735	62.2
464.02	4.260643132319297	14.96
466.01	1.4059276234102296	-1.32
467.01	1.6516348543094428	0.04
468.01	2.7579620173728547	-3.52
469.01	1.860098586814976	12.84
470.01	1.0263068914883156	-1.3900000000000001
471.01	10.894849957939016	25.53
473.01	32.53037495398587	476.58
474.01	7.557762269023418	12.13
474.02	96.43323818309337	39.5
474.03	443.67234121110937	1266.63
475.01	7.781711509761485	9.09
475.02	15.735191842106646	77.68
476.01	9.023513669919762	4.5
477.01	13.466791848792235	39.36
478.01	2.1844844050542642	10.51
479.01	5.300422261397378	4.5600000000000005
480.01	2.361340092290771	-0.8200000000000001
481.01	3.6377219323370205	3.42
481.02	5.596226958993952	35.
481.03	13.565287501285514	29.45
483.01	4.316931872685713	6.43
484.01	5.174904116268602	6.41
486.01	6.346866277678354	5.22
487.01	10.453505159304411	47.33
488.01	12.338233285098177	26.1
490.01	7.041126553210439	20.22
490.03	11.297148857534925	38.45
490.04	33.385492309388134	105.47
492.01	15.231902872129826	16.52
494.01	11.952704366737262	0.12
496.01	3.7724853668536382	11.700000000000001
497.01	11.169300900525279	10.98
499.01	9.07928850094187	6.
500.01	9.398625154064513	101.44
500.02	9.154095897776081	94.73
500.03	13.098842791335583	53.06
500.04	16.553770000791648	79.96000000000001
501.01	17.29653606011672	0.8300000000000001
503.01	3.3622840392498476	-4.6000000000000005
504.01	14.121028778858273	2.6
505.01	10.790668978623563	22.75
505.02	30.223635104688487	112.53
505.04	22.34749571323567	44.43
505.05	7.660875059494973	-1.26
507.01	3.9187319842397526	-0.05
508.01	4.258394537768763	0.93
508.02	9.540778878032988	17.14
509.01	6.2322992055265845	30.26
509.02	5.515704774985662	5.08
509.03	195.51776591866863	974.64
510.01	9.424470625435395	30.6
510.02	14.308006955727365	63.
510.03	20.605535272354413	10.5
510.04	18.239273664224413	1.26
511.01	4.918880672430787	19.79
512.01	17.754726334898244	153.24
513.01	8.926230038240805	0.48
517.01	2.054251470794448	8.63
518.01	3.9295007227738075	9.28
518.02	10.329142659081922	11.14
518.03	6.895542616602303	-3.21
519.01	14.346925963033648	14.71
519.02	19.239593284419442	14.120000000000001
520.01	19.563018043856136	245.72
520.02	27.470192145647534	137.94
520.03	19.06964232774368	74.53
521.01	3.53420209420324	7.94
523.01	16.02271803224727	106.11
523.02	22.651778698632086	8.91
524.01	18.342506610299232	627.01
525.01	56.084274305222216	1505.3500000000001
526.01	1.234397242614199	-6.7700000000000005
528.01	3.8981916767462863	-4.6000000000000005
528.02	23.130791499279802	39.09
528.03	10.190119828680128	30.17
530.01	15.463330675740325	39.160000000000004
531.01	2.307900677305873	683.36
532.01	5.777258840598431	33.69
533.01	10.632845416973787	10.65
534.01	6.670876669079407	26.34
534.02	8.808667358609497	15.15
535.01	3.714799958215202	11.8
536.01	8.963472386140447	-1.1
537.01	5.601949081693409	3.36
538.01	12.68982959881883	27.07
541.01	14.900889542348994	64.08
542.01	10.755535208786757	0.21
542.02	27.53331378720329	25.07
543.01	5.102603041187017	12.1
546.01	10.115181602355726	6.38
546.02	23.489733298846524	55.49
547.01	6.047021508935537	37.74
548.01	30.933647994536674	1.9000000000000001
550.01	7.704964551866462	5.72
551.01	9.551857001974895	7.88
551.02	16.22282691635963	76.79
555.02	10.492743317149	-3.86
557.01	6.654327282466322	-1.57
558.01	7.5130675468490224	30.94
560.01	8.904179068241861	9.96
561.01	8.869640557069223	61.65
563.01	25.19536263595023	48.57
564.01	1941.1133554641003	93483.40000000001
564.02	111.44321213254966	869.82
566.01	15.111598798335695	15.36
567.01	4.450691177245638	1.27
567.02	11.85944728928096	9.92
567.03	6.327687968738473	-2.24
568.01	8.010321233540738	24.650000000000002
569.01	10.18835495895788	10.06
571.01	9.73629501722251	44.09
571.02	10.019629772506056	30.39
571.03	5.747825097950038	7.45
571.04	12.355043382162203	11.67
571.05	35.73390688793551	-0.53
572.01	14.940498804290758	43.78
573.01	6.812831892777653	13.38
574.01	5.115581094965439	2.74
575.01	9.492365122684797	4.01
577.01	19.700788341213418	4.08
578.01	2.89398337088158	2.99
579.01	11.963992491811695	28.77
579.02	6.300334411663753	5.69
580.01	6.6741651443013215	30.330000000000002
581.01	3.472056210247024	15.69
581.02	57.0248802208325	71.16
582.01	5.3850995301298	20.04
582.02	17.263361873315652	32.37
582.03	22.028188242829604	28.490000000000002
583.01	13.854808475343345	71.88
584.01	3.908590114863357	7.640000000000001
584.02	9.540864336589715	9.57
585.01	5.581054287023085	30.900000000000002
586.01	14.652169308031494	13.33
587.01	14.91904866878932	108.39
588.01	10.336698397656473	38.79
590.01	11.77799607102947	16.87
590.02	13.839437678309322	7.94
592.01	35.945050327159706	80.13
593.01	9.128498861773311	24.6
593.02	54.60439725592815	221.13
593.03	38.648829516870244	23.95
596.01	3.300864048903295	18.1
597.01	18.263344794921434	18.53
597.03	17.974899178128865	1.1400000000000001
598.01	11.23988599268304	73.14
598.02	27.82775948352453	15.31
599.01	9.756200012562251	22.89
600.01	13.180049731574139	70.51
601.01	6.073792273080135	38.53
601.02	3.6965970743226926	13.71
602.01	25.135898205006605	68.15
605.01	3.1203039387374973	11.83
610.01	8.776866347641173	35.52
611.01	0.42356384665555485	9.94
612.01	10.005824364549833	21.03
612.02	12.403138074074404	6.3100000000000005
612.03	8.56147353050454	-3.92
614.01	0.9225509169307304	0.78
617.01	1.2034901960114397	0.91
618.01	7.37720809381862	20.28
620.01	9.665589806653418	569.69
620.02	35.85329531206625	1956.29
620.03	16.976441562968304	33.95
622.01	5.145683602799425	-0.6900000000000001
623.01	13.309870832623911	25.73
623.02	25.83164373704692	56.07
623.03	23.616969731156193	132.42000000000002
623.04	62.891785747603706	96.03
624.01	5.492500497237306	12.08
624.02	6.608590670893891	0.62
624.03	6.659543736236461	52.28
625.01	3.916519385481339	1.
626.01	11.3410778788084	20.
627.01	6.177120190766719	20.45
628.01	7.487890151666493	20.25
629.01	10.46326970959071	-3.08
632.01	11.114720582013158	49.77
633.01	167.83433685220922	4.09
635.01	4.113835574520155	5.4
638.01	135.93115893884402	9262.630000000001
638.02	6.104172282386304	6.1000000000000005
639.01	7.75272913331654	3.84
640.01	5.121933678995163	8.47
641.01	3.447781106159628	3.11
645.01	15.203638059640824	11.93
645.02	23.107367840841455	19.56
647.01	12.76684796813981	48.58
649.01	12.823636998904487	15.49
650.01	2.7182708947370733	9.19
652.01	1.1112964029593422	10.05
654.01	18.18496292553264	57.660000000000004
655.01	6.533356266378426	0.98
655.02	15.725240116318231	-0.1
657.01	4.79780461824118	8.370000000000001
657.02	8.914552116475885	26.28
658.01	4.468501513707809	28.37
658.02	4.980753931787723	11.27
658.03	43.59765275045244	82.56
659.01	5.524054135423315	-5.18
660.01	17.775235739075168	75.26
661.01	11.163453487380597	5.44
661.02	73.74946960474047	31.45
662.01	6.991924355937762	-1.23
663.01	3.2408164139337865	18.43
663.02	6.4526313384496525	17.09
664.01	17.518284528220025	40.230000000000004
664.03	58.64336370135111	30.98
665.01	3.2841169714081344	0.89
666.01	5.533083243302243	7.61
670.01	18.94320904987012	71.69
671.01	15.702830892281732	56.370000000000005
671.02	28.21380323578441	50.160000000000004
671.03	26.221080936598366	19.28
672.01	5.058485945509899	0.72
672.02	8.916684003724548	31.88
673.01	8.04182038042688	51.61
674.01	3.6037735982026917	7.34
676.01	4.424190535771264	679.72
676.02	1.9960739649878911	148.99
678.01	7.811880192603391	20.89
678.02	7.058596941318198	14.27
679.01	10.934234604267107	3.85
680.01	0.4275652865125753	-6.17
684.01	2.5219588623390967	3.45
685.01	8.43234435922502	63.34
686.01	0.2689374636886224	1.68
688.01	9.6153279744565	67.92
689.01	8.361991646267175	3.92
691.01	5.148171928654525	-3.63
691.02	49.37588401723855	45.51
693.01	36.67004243200876	26.11
693.02	13.95840424836042	27.18
694.01	4.644341277051754	10.21
695.01	10.875085013269912	18.13
697.01	5.053048875352571	17.98
698.01	0.4352336280233018	0.91
700.01	6.594665464877753	7.5200000000000005
700.02	15.659075418141896	43.660000000000004
700.03	22.798216969013055	29.98
700.04	20.80118565645292	-2.54
701.01	2.880357041283066	0.12
701.02	5.401458449189999	20.080000000000002
701.03	9.229750055089216	-0.97
701.04	236.93017912077576	104.19
704.01	3.303197678161951	-4.66
707.01	7.037095361399995	8.08
707.02	19.572309578142583	23.900000000000002
707.03	34.17196006353313	78.19
707.04	23.16123246308531	41.79
708.01	7.309162255606143	6.0200000000000005
708.02	15.078980115720292	41.1
709.01	16.092440788658248	78.86
710.01	18.915342134628155	77.67
710.02	27.832992528238186	81.63
711.01	6.87345602333966	3.0700000000000003
711.02	11.820081671841463	37.87
711.03	11.12591904751804	-1.43
714.01	1.2210059425373552	-3.21
716.01	1.2429907014073303	-4.86
717.01	12.2165266441953	30.14
718.01	7.77633608768959	28.98
718.02	8.230751000727919	4.7
718.03	18.626649394819957	1.69
719.01	1.8537642417656908	-2.17
719.02	20.407960895846507	28.23
719.03	9.19317394047852	-3.04
719.04	8.919806711831002	32.74
720.01	2.3668909534491536	18.57
720.02	3.399358557352375	10.68
720.03	11.121098975568676	110.44
720.04	10.323818459356266	92.86
721.01	20.92293670523044	36.77
722.01	10.477868019972636	1.61
723.01	2.798757497187639	8.370000000000001
723.02	6.873277903271212	18.48
723.03	2.091108035624395	0.06
728.01	0.5992922454684041	-4.39
730.01	73.00847217408251	223.05
730.02	69.2949917684739	47.1
730.03	216.24574182096154	155.79
732.01	2.3295208749898864	10.52
733.01	5.044111603746267	13.23
733.02	10.304492529672547	34.9
733.04	17.696696184267044	39.94
734.01	12.691457332736666	14.52
734.02	43.35905654570004	60.58
735.01	13.149718075780662	23.26
736.01	10.367819749653622	11.85
738.01	109.89341310883964	445.3
738.02	160.43894976132157	697.6
739.01	5.2552283384467255	34.76
740.01	9.49047286658122	3.93
746.01	26.152198382385954	141.28
747.01	4.592245189082731	26.48
749.01	11.745679379089392	74.5
750.01	12.880292307434075	19.29
751.01	15.138867360433668	50.410000000000004
752.01	16.854301461548538	46.86
752.02	23.123506761973076	25.560000000000002
753.01	1.4734463568406935	19.07
755.01	8.855100143118811	49.92
756.01	7.433842915189289	3.69
756.02	18.146582020076114	54.730000000000004
757.01	2.421545327161604	8.63
757.02	52.544814012681464	489.7
757.03	12.208325846320083	66.29
758.01	9.907164437805884	2.32
759.01	49.43086331512537	1412.44
759.02	324.958892955799	24.400000000000002
760.01	1.1369861806247261	131.99
762.01	43.84296937422253	256.33
763.01	0.8454109355131316	-0.05
764.01	4.982125808525481	0.29
765.01	7.501029640526818	14.02
766.01	3.0694060190278822	7.3500000000000005
767.01	0.21667111283620888	8.68
769.01	7.523823429681645	23.12
772.01	5.808665426187125	-0.22
773.01	13.355720795044835	12.56
775.01	14.852247641347942	41.62
775.02	17.900307792526817	212.52
775.03	16.895284954561784	21.12
776.01	1.0298868126300993	10.34
777.01	4.336417916435881	23.12
778.01	6.6294503980807375	24.46
780.01	4.631804529159883	27.73
781.01	4.129468438214133	1.96
782.01	2.289752905110402	9.61
783.01	2.077553167753147	1.93
784.01	24.43113387457128	160.92000000000002
784.02	9.460247120126924	12.97
785.01	19.666560598050786	54.35
787.01	34.21075184211957	28.
787.02	10.489315997197732	30.18
788.01	14.412378565233485	48.56
790.01	6.506036096692682	10.76
790.02	25.985548137290913	12.64
791.01	1.8390842838632673	8.11
795.01	5.765066331219475	4.72
797.01	1.9909209189616248	4.
800.01	10.272181884275492	57.36
800.02	10.513242365244	14.27
801.01	0.3984641441192723	8.17
802.01	0.4828543566253275	-0.19
804.01	9.24366521409392	23.39
805.01	0.6785708058481946	1.44
806.01	73.74140821907035	4646.54
806.02	32.750809276108896	13060.03
806.03	1475.606583076428	363274.03
809.01	0.24198049502942814	2.06
810.01	5.6625562887353125	20.19
811.01	6.535540290800524	23.28
812.01	3.7894948268294386	1.45
812.02	15.99882501230889	17.8
812.03	24.044055628895368	18.01
813.01	0.8418522316159497	6.03
814.01	20.459530416729248	6.01
815.01	3.0345094270004638	1.3900000000000001
816.01	3.2245122701778146	0.66
817.01	17.03277924788999	15.52
818.01	6.761356779947115	22.7
821.01	12.664009288067396	6.890000000000001
824.01	7.236553688013896	189.04
825.01	9.894740034614163	12.040000000000001
826.01	6.464216737796658	26.89
829.01	18.799556305950613	46.99
829.02	24.014594524069228	37.18
829.03	20.64298289091609	43.44
830.01	0.15855099014028717	6.87
833.01	2.4795205204569126	19.31
834.01	4.770224306469277	37.18
834.02	31.74207506339327	44.76
834.03	29.29767999056767	50.42
834.05	30.3230675420547	0.7000000000000001
835.01	6.617645787201974	8.77
835.02	29.97642941499552	30.55
837.01	14.68013447022695	55.5
841.01	18.550935211553085	404.74
841.02	16.615897790632754	428.57
841.03	15.701898233245046	73.42
842.01	8.87542229981811	9.56
842.02	7.807253305991101	7.08
843.01	1.3165581903741714	2.18
844.01	3.909148541499039	17.490000000000002
845.01	6.483129246924302	-1.77
846.01	0.4168669880322938	-3.2600000000000002
847.01	3.3654304616941357	-3.02
849.01	8.415982051329163	9.1
850.01	0.539296087285347	5.25
851.01	1.4541065024395383	9.72
852.01	14.0499045038499	30.45
853.01	7.177010912035112	10.55
853.02	19.79279419701236	30.94
854.01	10.01789375738916	1.6
855.01	0.42556851756990605	1.29
856.01	0.8618987174604216	-3.5500000000000003
857.01	5.4781786655598514	10.27
857.02	14.857007906626045	0.8200000000000001
858.01	0.918778054955913	-3.83
863.01	5.631493336988473	17.09
864.01	4.198165319058326	4.95
864.02	16.690020113813524	19.68
864.03	15.470623881432301	18.68
867.01	7.5662043121355875	22.17
868.01	36.114994578741026	4580.81
869.01	6.764631872885301	9.65
869.02	76.1590681345091	571.6
869.03	11.609908516828135	10.01
870.01	6.52171720010035	46.52
870.02	12.20776993624642	78.48
871.01	0.2325183259890861	20.66
872.01	54.17308278093216	17092.63
873.01	11.729677410177764	35.76
874.01	6.0337882123564395	31.69
874.02	26.992343495427587	30.240000000000002
875.01	2.5432465741130215	9.84
877.01	3.707667602826576	17.97
877.02	8.688216281232531	45.59
877.03	39.997429859880086	76.25
878.01	8.92123884280184	1.7
880.01	21.606555378438735	247.79
880.02	62.960517375649495	6520.7
880.03	9.478503165598253	44.35
881.01	8.826330330083863	13.370000000000001
881.02	61.97365683764302	-0.24
883.01	0.3971812368049145	220.97
884.01	2.335468805163467	19.13
884.02	194.26485717564188	76751.61
884.03	14.330227830799778	78.58
886.01	65.9686767886545	2262.46
886.02	124.96429156603959	1803.33
886.03	82.14051251939661	42.82
887.01	6.502160156618917	6.0200000000000005
889.01	0.56052190477642	9.52
890.01	0.7736017710230446	-2.87
891.01	12.148085662786881	41.22
892.01	5.0161373911952225	2.49
893.01	22.05038223742902	100.82000000000001
895.01	0.4313505001416597	13.58
896.01	3.60465789148468	5.97
896.02	5.914392963711975	39.410000000000004
897.01	0.2732816971335123	11.06
898.01	7.246000685085128	29.29
898.02	9.316766748810187	35.11
898.03	15.763317552899375	28.400000000000002
899.01	9.302828574826188	34.2
899.02	9.226946664478834	26.85
899.03	13.608695287147643	39.78
900.01	7.9679529771891175	8.59
901.01	1.0157697919039812	-0.42
902.01	148.4960233206886	10439.76
904.02	506.2275696607085	7882.37
904.03	406.9305815686651	2154.05
906.01	10.051638788499412	31.52
906.02	17.91953932426254	21.150000000000002
907.01	6.277275025183673	-1.34
907.02	10.745726587041176	2.15
907.04	8.771824568574768	-4.8
908.01	0.5229640293370923	0.25
910.01	4.2453046675769075	3.66
911.01	12.39034540493999	45.75
911.02	36.67874715970794	-1.85
912.01	3.9726271677020435	15.77
912.02	28.72032057734377	26.38
914.01	14.2172421516781	75.71000000000001
916.01	1.6477636157665507	-2.18
918.01	6.361148760425884	1023.5400000000001
920.01	5.752937135502715	0.36
921.01	8.772361031131705	16.36
921.02	14.790391341191432	110.45
922.01	9.327997065397431	36.01
923.01	4.993918564338534	6.63
924.01	10.447905709136958	-0.06
926.01	3.701067411570491	20.17
928.01	28.38154064019578	1237.08
929.01	1.242814776597041	19.7
931.01	0.2546941801160547	4.3500000000000005
934.01	4.456252308104087	5.87
934.02	30.17783302541876	49.63
934.03	28.909065281252317	71.73
935.01	20.871644071051147	424.88
935.02	22.107385460229132	154.37
935.03	16.429574199366026	1.79
936.01	2.4049536208813214	3.47
936.02	2.884174043444634	17.6
937.01	17.302598322360794	43.14
938.01	13.175443534772056	63.39
939.04	25.41495035420232	62.65
940.01	1.2430019027848014	-3.0500000000000003
941.01	2.943956900227214	6.26
941.02	9.401066018559224	51.64
941.03	3.5500186242538176	-2.5500000000000003
942.01	4.700530749924205	1.95
943.01	7.904973555974586	26.12
945.01	25.985617851177338	11.57
945.02	23.46249712074156	11.47
947.01	7.229267165639123	6.47
948.01	15.03788325385402	11.1
949.01	5.802893768417904	2.13
951.01	2.642527484730479	4.97
951.02	14.41921640725664	18.22
952.01	8.966120342031314	53.95
952.02	16.36185143676646	77.01
952.03	6.528618295938099	6.24
953.01	2.1527698774061403	3.0500000000000003
954.01	8.38342971149252	26.44
954.02	15.78163235994836	17.42
955.01	12.195863059669117	36.68
956.01	2.7864727179396476	7.67
972.01	20.64842629622102	59.6
974.01	7.912205196147736	1.28
975.01	7.953923912806084	43.92
984.01	575.3379603582914	698150.37
986.01	10.45177340242502	44.86
986.02	63.68438319340386	44.81
987.01	2.8065040554252327	0.37
988.01	4.3452150591518635	9.69
988.02	8.331336437036258	12.280000000000001
991.01	9.26994021128906	11.86
992.01	43.487332338020316	112.46000000000001
993.01	22.174481877796005	13.01
993.02	26.749978437172697	1.51
998.01	0.5732007985856041	-2.18
999.01	14.44843419062409	18.080000000000002
999.02	30.555712666635337	19.98
1001.01	27.00392598773384	7.390000000000001
1001.02	38.426169705795054	0.8300000000000001
1005.01	4.291980133990405	3.84
1014.01	16.790471348824685	35.64
1015.01	10.834136363590408	16.48
1017.01	12.013545074932532	26.13
1022.01	27.12726833830224	50.730000000000004
1024.01	8.86058941393648	50.13
1029.01	34.140325324805374	94.29
1050.01	4.608326049485532	31.51
1050.02	9.509971869688005	27.47
1051.01	15.206117395699566	10.82
1052.01	19.05024921493413	25.26
1052.03	50.482770061726825	27.39
1052.04	45.06473965538209	67.7
1060.01	42.60984693457198	160.02
1060.03	50.05338059665472	62.17
1061.01	88.77584322922549	43.29
1066.01	0.5995282854012405	5.76
1067.01	0.2802967875725576	-0.6
1069.01	5.864714808930782	14.42
1070.01	20.554063655780936	60.75
1070.02	192.938138414481	40.6
1072.01	21.220229875362527	78.60000000000001
1074.01	0.5451934316225862	23.39
1078.01	5.896102438285693	11.11
1078.02	6.652793023599533	24.34
1078.03	13.188361282651396	21.080000000000002
1081.01	73.89393463729307	1078.89
1086.01	57.09793036112922	34.36
1089.01	2.5040241445317464	5.3
1089.02	2.912493438044085	0.93
1094.01	30.430759931653313	180.46
1095.01	2.2680192377560613	0.47000000000000003
1099.01	2.949465975200499	-3.04
1101.02	18.034991798382148	26.73
1102.01	49.183174782954374	135.28
1102.02	39.51356153763811	232.63
1102.03	29.666382351197736	63.56
1103.01	64.01786801231192	467.42
1106.01	19.995073258578913	90.43
1108.01	9.968357068065075	9.46
1112.01	20.143792127643234	7.55
1113.01	11.181286062352433	8.02
1113.02	21.00713865282254	17.45
1115.01	29.588644735821507	83.59
1116.01	10.74581257156022	42.03
1117.01	23.395998258852167	44.82
1127.01	18.702346158723127	54.14
1128.01	3.764132696094431	8.88
1145.01	1040.2070830644423	18713.49
1148.01	26.794699102659063	42.83
1148.02	70.42917506373892	56.980000000000004
1151.01	18.40299181366184	59.27
1151.02	21.65740010526133	12.49
1159.01	5.686742214076015	-0.9
1160.01	13.171937678467215	22.19
1161.01	25.685798027065577	87.56
1161.02	21.433802635935916	35.52
1162.01	27.2877739061383	47.22
1163.02	18.967043800863333	37.09
1165.01	3.9329145750090606	0.93
1169.01	3.861238167392688	35.4
1170.01	6.2791320675526485	4.2
1175.01	109.0068645281105	162.68
1175.02	69.54893246486195	62.39
1176.01	0.16682908108908093	3.85
1191.01	15.729345883839663	26.45
1193.01	2.1033298418331894	-2.33
1194.01	12.211238124052592	7.29
1194.02	32.10339361369789	11.71
1196.03	210.44275383246242	63.6
1198.01	30.728479997876278	44.97
1198.03	63.3322245288842	99.17
1199.01	16.418871103476533	2.99
1203.01	31.709834783330233	39.7
1203.02	27.629806708646242	22.79
1203.03	60.33335737367956	45.94
1204.01	45.93620884784283	89.65
1205.01	22.276650836133847	55.6
1207.01	10.182203922049904	5.91
1209.01	1903.6985736782397	63943.68
1210.01	50.475297372774854	97.54
1215.01	25.53398273550957	37.550000000000004
1215.02	28.94631238786429	17.69
1216.01	17.940622888809365	43.6
1218.01	9.948487302058275	-3.1
1221.01	60.72946576411782	66.32000000000001
1221.02	98.43947554458286	28.060000000000002
1226.01	0.4442075823794503	4.9
1230.01	3.0017660507835027	7.8100000000000005
1236.01	96.1616738950447	2721.55
1236.02	22.29724082036744	70.52
1236.03	209.7885704785187	5155.74
1238.01	16.497882999448198	12.69
1240.01	9.898040871364083	48.79
1240.02	6.910091188554244	19.05
1241.01	53.04419387173958	133.81
1241.02	186.60463878820698	569.75
1242.01	8.911090257921302	13.25
1245.01	13.812455449402817	9.13
1246.01	23.923826984563725	56.99
1257.01	1.6139018476180818	4.09
1258.01	11.006521789981436	33.64
1258.02	25.11913541126961	28.86
1258.03	25.874049453574813	9.290000000000001
1261.01	50.94214200656644	2.61
1261.02	24.016885866175304	24.35
1264.01	12.746262830086266	18.09
1266.01	11.300548804462816	33.08
1270.01	4.311834985808239	10.63
1270.02	37.73849157024854	343.36
1271.01	134.47478444306628	36445.11
1273.01	15.25810457224313	0.64
1275.01	4.208224922147787	0.97
1276.01	18.41937661426573	54.410000000000004
1278.01	29.167022168373265	73.99
1278.02	14.1338974088069	6.23
1279.01	9.48803250512275	11.78
1281.01	15.843558052257393	17.3
1282.01	11.3021435775185	7.2700000000000005
1283.01	30.48701006620434	101.36
1288.01	1.071578394558034	-4.61
1298.01	9.709600499181866	20.8
1298.02	62.12385100587534	43.730000000000004
1299.01	13.055241570884123	11.03
1300.01	2.4689771232771562	18.71
1301.01	12.754183336404042	6.78
1301.02	13.073407021647817	-1.8
1302.01	27.986377018961296	53.96
1303.01	35.87855088896251	18.06
1306.04	27.32904344945811	3.99
1307.01	17.712522269854787	41.5
1307.02	11.176801745660237	7.53
1308.01	9.81899325757526	-0.03
1309.01	16.320507567512266	57.85
1310.01	20.983382348586808	35.67
1311.01	6.038880683688364	-1.74
1314.01	45.61271182249367	90.8
1315.01	15.581100440431237	52.800000000000004
1316.01	47.34938880710241	87.61
1320.01	1.4011105447941634	12.25
1323.01	1.1457335081025435	3.5300000000000002
1325.01	1.9291514512280392	-4.79
1328.01	3.1409387745154658	-3.15
1329.01	10.219390235759828	0.19
1331.01	11.35602509509996	10.49
1332.01	11.748379910029431	5.61
1332.03	114.24291535225723	36.29
1335.01	6.486969379229756	3.99
1336.01	24.200357470921684	52.68
1336.02	27.264003179930523	20.91
1336.03	49.26921185912797	46.42
1338.02	53.761949053379034	25.11
1342.02	20.902101885574314	69.16
1353.01	9.366473642293629	506.67
1353.02	159.156283196079	69.21000000000001
1355.01	6.507253618521256	16.82
1357.01	7.52965630095552	32.08
1358.01	4.845312668901872	15.17
1358.02	14.405859426661697	15.11
1359.01	7.439089067243932	0.
1359.02	14.142546693935703	-3.52
1360.01	15.10016818582184	29.71
1360.02	13.297604987099243	33.6
1361.01	6.178718406794156	-3.97
1362.01	17.775072527515928	19.37
1364.01	29.518432270728635	37.26
1364.02	18.71796327873529	60.29
1364.03	22.818762209237352	13.290000000000001
1366.01	9.066323223361197	6.37
1366.02	15.149847707614903	6.8100000000000005
1370.01	15.087996688914851	23.8
1378.01	15.638756922221656	8.68
1379.01	11.766904625666658	15.69
1387.01	0.21976073716521752	7.3100000000000005
1391.01	0.47839108400767394	9.950000000000001
1393.01	2.971295284919017	8.78
1395.01	8.289730165297453	26.86
1396.01	16.161984582472826	50.870000000000005
1397.01	4.407648289568023	1.71
1398.01	9.664261818455602	19.88
1399.01	14.544655883328591	29.14
1402.01	31.869492977227477	105.12
1403.01	12.555854439978027	14.98
1404.01	18.847001293530493	33.09
1405.01	31.597645237361345	58.17
1406.01	9.396739288462257	6.95
1408.01	18.958858384681093	58.26
1409.01	7.722797315105087	-0.8200000000000001
1410.01	14.449990943659309	18.78
1412.01	15.536118485604481	4.72
1413.01	78.53872353527608	175.98
1413.02	53.29846956051029	83.88
1413.03	39.77196551196942	32.24
1420.01	3.0389914349118787	0.74
1422.01	6.930886794201187	9.18
1422.02	13.024008377122852	33.92
1422.04	29.761005738829496	4.3100000000000005
1422.05	37.73886442861732	37.62
1423.01	12.80279665295016	-0.86
1424.01	6.020491613003103	26.35
1425.01	9.19249435233426	37.5
1426.01	46.57590734428901	515.5
1426.02	78.08268899876511	7067.89
1426.03	33.238516374425586	705.35
1428.01	2.432522172381243	8.370000000000001
1429.01	27.134309188783522	41.26
1430.01	8.784171302730517	20.34
1430.02	19.920385274355134	52.85
1430.03	18.096472817128493	16.2
1432.01	17.143566127631633	24.36
1432.04	53.63185750240522	6.2
1433.01	24.030538171600366	25.76
1435.01	13.440640888170167	1.05
1435.02	10.396645031918382	8.94
1436.02	19.101888513382747	23.59
1438.01	21.129132622246765	58.33
1442.01	5.380512943322825	23.150000000000002
1444.01	19.884429199738648	5.5600000000000005
1445.01	19.729533055044975	36.26
1456.01	0.8307817925105409	0.68
1457.01	0.7896013928529987	6.21
1458.01	41.07402160023767	5354.89
1465.01	0.7846454233209831	8.82
1470.01	6.202220431883613	-0.89
1472.01	15.085363641824456	9.72
1473.01	4.599212369715911	15.43
1474.01	43.52493226229369	44041.14
1475.02	14.20183390781547	33.9
1476.01	44.74170241966621	161.64000000000001
1477.01	250.18129451388833	11636.37
1478.01	12.051747343986113	618.78
1480.01	9.13892390017073	11.44
1481.01	8.031508527793708	26.310000000000002
1483.01	1.6875796397539877	-0.79
1484.01	15.397698070196203	119.31
1486.01	2.946411983102662	-2.14
1486.02	19.781310169064465	37.52
1488.01	8.267940709349777	37.89
1489.01	19.52842781813342	41.21
1491.01	11.980922053944443	34.95
1494.01	19.179045650203822	15.55
1495.01	10.603518966638404	6.11
1496.01	3.624008935474765	4.92
1498.01	17.167787197780054	44.72
1499.01	6.255111750737142	4.38
1503.01	10.724458671630861	4.88
1506.01	17.555339754179617	11.98
1507.01	27.759283689517982	63.14
1508.01	31.45830588646453	54.06
1515.01	7.136871472759404	15.610000000000001
1515.02	8.182216779952485	8.93
1516.01	14.532466116895964	20.16
1517.01	9.446982472429106	5.8100000000000005
1518.01	16.25281371806175	1.61
1520.01	7.710651416726396	-1.3
1521.01	17.01898962422394	29.400000000000002
1522.01	16.937649836213545	16.21
1525.01	11.464433624256534	65.78
1525.02	35.422284816837674	108.48
1527.01	66.12432861152935	129.94
1529.01	86.18988857383164	203.59
1530.01	16.929252154976314	75.07000000000001
1531.01	14.555728840328102	46.67
1532.01	8.515480019953594	5.3500000000000005
1533.01	19.648070338035556	46.27
1534.01	35.58189016375752	136.70000000000002
1535.01	19.34056469023341	27.23
1537.01	33.05939442720412	23.900000000000002
1546.01	1.6339176776984063	5131.96
1547.01	0.7574883050947782	0.98
1549.01	0.8626255703747671	-1.42
1552.01	1.7446920906165342	1.6400000000000001
1553.01	1.5748622408933337	1.6300000000000001
1557.01	2.430838849561092	23.23
1557.02	7.0310450694454225	44.17
1557.03	4.651027713133375	11.97
1558.01	0.9481648553638696	-3.
1561.01	6.366231341071749	25.89
1563.01	13.072970318671793	75.33
1563.02	15.76505945908693	27.39
1563.04	25.213984107872456	21.740000000000002
1564.01	3.029019884602434	-0.4
1567.01	8.329032266449111	10.72
1567.03	14.895166092238675	10.41
1567.04	14.050992406399864	-1.11
1569.01	13.545725117399067	45.82
1570.01	10.53653160484527	39.88
1572.01	10.538612811962167	21.68
1573.01	119.17291160617096	5800.18
1574.01	11.030163420122108	122.39
1576.01	5.31779860265521	19.95
1576.02	11.450383263086344	63.6
1581.01	91.4406811173069	382.15000000000003
1581.02	52.37222213717921	41.69
1582.01	86.06846847034086	1304.8600000000001
1583.01	23.772686837516176	53.31
1585.01	21.484088473337426	22.93
1586.01	8.532877337916627	5.2700000000000005
1587.01	4.513079734065922	-2.2800000000000002
1588.01	4.4543832788254605	9.47
1589.01	17.570993220588125	36.92
1589.02	26.371128964993293	33.88
1589.03	24.102742991290455	6.17
1589.05	54.027799309481566	32.230000000000004
1590.01	24.305121694720405	40.74
1591.01	12.160585893576359	5.26
1593.02	41.48201586172383	44.43
1595.01	9.443308212042195	-2.37
1596.02	19.3452587482339	7.88
1597.01	6.473636256733517	23.43
1598.01	16.562522080402356	57.67
1598.02	21.730901479096605	3.0300000000000002
1599.01	378.10225613711947	630.89
1601.01	31.1973749092069	45.59
1601.02	65.31594153154587	24.32
1606.01	9.853709663930685	34.81
1608.01	22.195403429219898	58.63
1608.02	29.73344791906801	20.56
1609.01	10.799499105429106	2.31
1613.01	21.795403861189836	47.94
1613.02	114.28065453630687	84.64
1615.01	5.792869530885336	15.68
1616.01	12.095366671336365	9.870000000000001
1619.01	22.28792755527037	52.77
1621.01	13.640337709337034	23.240000000000002
1622.01	23.377985599748484	31.7
1626.01	20.58510066582628	145.59
1627.01	12.54775541436786	22.21
1628.01	7.219970979639714	14.55
1633.01	40.305185330066124	42.32
1643.01	20.74034053534952	5.57
1645.01	0.7508805130848686	-0.15
1647.01	26.387389800029453	37.660000000000004
1647.02	87.8058132714212	15.99
1648.01	19.066182272633128	5.01
1650.01	16.16289360110509	25.98
1650.02	11.321435629089454	-1.45
1651.01	39.54625884322993	28.85
1656.01	55.6157981770584	18.89
1659.01	60.86873036188412	136.54
1660.01	278.02059845791297	6.88
1669.01	12.773015824881613	-0.36
1672.01	15.118011604778623	5.12
1675.01	16.081762257822565	50.42
1677.01	12.037259353930494	3.85
1681.01	15.860119221657161	22.490000000000002
1683.01	25.870314178920744	60.59
1684.01	1.3802991777828422	-3.3000000000000003
1685.01	13.362735889086307	14.74
1687.01	11.269957769438438	18.76
1691.01	2.411921985760314	1.96
1692.01	2.419791439032009	16.56
1693.01	3.452886834516245	9.09
1695.01	63.57857986666312	45.53
1700.01	20.216774912192218	78.04
1702.01	4.660042124695152	21.18
1704.01	7.821885962923033	13.9
1705.01	50.21343659474432	106.54
1706.01	5.31139502673048	1.9000000000000001
1707.01	86.62412266737728	98.18
1707.02	10.336244717757772	-4.26
1708.01	14.478474156313112	-3.72
1710.01	17.39340726465521	13.31
1711.01	29.883606394191386	50.160000000000004
1713.01	18.67612380438477	92.32000000000001
1715.01	23.00403064430294	7.42
1716.01	15.159174219395807	46.38
1718.01	13.01098093263992	-3.12
1720.01	40.63178336361045	133.94
1721.01	17.228586631185067	-0.84
1722.01	46.57854968332596	21.16
1723.01	16.956222340636536	9.56
1724.01	18.980141354787992	18.01
1726.01	6.639046105993689	8.99
1727.01	7.5989829021418815	3.64
1732.01	37.70613060618042	48.47
1733.01	27.364637250067425	49.79
1736.01	44.247031713242855	66.77
1738.01	9.817139778860511	24.16
1747.01	9.433765078077359	20.650000000000002
1749.01	21.948735131362167	19.19
1750.01	21.65235152401043	10.13
1751.01	3.153749116458315	-3.68
1751.02	111.21250431843502	1631.8400000000001
1754.01	11.956512055900573	7.07
1758.01	8.692929857916283	34.54
1761.01	11.457777172726534	7.61
1773.01	2.295771966591755	2.27
1779.01	1.4086127124991896	20.17
1779.02	2.7500363353561075	7.62
1781.01	9.902823387400385	285.71
1781.02	1.8191339063859298	17.44
1781.03	50.97442131071882	3562.77
1783.01	6.327443752855846	61.75
1787.01	7.532748181410326	0.03
1788.01	3.186651659838626	-1.81
1790.01	34.2125314439866	547.03
1792.01	6.65292776870249	67.04
1792.03	20.281769657372347	69.92
1793.01	0.9786024259239685	2.1
1797.01	3.6678564311383397	18.73
1800.01	1.4495841421474962	271.69
1801.01	3.3936530553966553	1.09
1802.01	7.79546149283317	234.78
1803.01	2.3025670509434444	2.21
1804.01	2.338150916683076	102.43
1805.01	3.3081357699494838	20.07
1805.02	18.214672387905587	-5.4
1805.03	7.776918172347418	33.88
1806.02	42.38371966865983	55.77
1808.01	2.8859011562097443	-0.23
1809.01	3.3205272802417767	-0.43
1809.02	5.700838611157506	15.49
1813.01	3.816735341362182	5.89
1814.01	75.66479700391315	2287.11
1815.01	2.0722750623480546	5.67
1816.01	1.5733255281218101	-2.47
1818.01	4.858837239534274	-1.3
1819.01	7.013015626569581	35.07
1820.01	7.126662874782331	30.13
1821.01	7.005567021431896	17.76
1822.01	9.891847175643104	17.8
1824.01	8.669543674559444	38.37
1824.02	7.121607199939452	46.99
1825.01	4.129087286858915	-4.01
1826.01	3.7845840711130685	-4.79
1828.01	14.42235024194307	6.33
1829.01	4.8386026050673046	7.01
1830.01	9.803060843813716	54.07
1830.02	8.548298014406592	1.6300000000000001
1831.01	61.58907007535757	248.27
1831.03	221.81884535815442	1372.54
1831.04	14.147304908179377	6.59
1832.01	6.182169556021423	25.93
1832.02	12.935159251326448	32.160000000000004
1832.03	24.87796340093976	55.35
1833.01	4.118406829441235	6.24
1833.02	3.077895919370918	-0.41000000000000003
1833.03	5.7415712495262055	-0.13
1835.01	8.987778805110917	31.85
1835.02	7.631527012991445	48.26
1835.03	14.583761113940456	32.47
1837.01	7.78216027760605	12.13
1838.01	14.902234689526262	16.02
1839.01	7.253136681447441	17.43
1840.01	116.65473848041994	270.93
1841.01	8.826956534064502	14.14
1842.01	11.439506584484326	45.160000000000004
1843.01	5.0208224582653775	4.71
1845.01	6.8120403707804895	42.96
1845.02	3.145655650487868	-4.75
1846.01	7.647399397759065	-3.73
1847.01	11.860540898408548	21.62
1848.01	32.580024284431424	107.04
1849.01	4.994294087635581	6.640000000000001
1850.01	9.135221869012227	12.02
1851.01	8.067705623983874	41.980000000000004
1852.01	8.833820485714858	8.23
1853.01	8.42442007161534	2.38
1854.01	29.745525455115963	50.47
1856.01	78.428082369908	982.58
1857.01	8.567169427870967	-2.82
1858.01	11.785000851167258	2.64
1860.01	7.300814520323671	25.13
1860.02	9.823735588994206	12.63
1861.01	7.818918356723541	14.65
1862.01	6.950449359132115	-3.5
1863.01	8.100705169292157	1.53
1864.01	14.227467530416158	39.07
1866.01	49.83895124315379	8.89
1867.01	8.81474900690997	41.88
1867.02	4.491902099471933	-0.8
1867.03	19.419348709733033	59.78
1868.01	4.990462292620533	5.24
1870.01	4.2778001254831866	-1.72
1871.01	13.093679789838733	6.3100000000000005
1871.02	19.637958819987684	29.04
1872.01	6.585043601536014	-0.93
1873.01	18.91418731955639	18.63
1873.02	116.25031758047143	127.9
1874.01	11.428539631958216	14.89
1875.01	12.610109228710956	16.07
1876.01	17.66205301257648	45.86
1877.01	8.873505032993274	16.42
1878.01	6.366200040772479	2.37
1879.01	3.8518963170373657	-3.46
1880.01	2.0607938907215315	4.68
1881.01	9.318366266251077	7.74
1882.01	14.260106068160892	61.800000000000004
1883.01	13.76522407736826	70.78
1884.01	640.5112180529026	62735.36
1885.01	7.87779316866396	10.48
1886.01	7.130791892516795	19.34
1888.01	11.873570157795104	17.88
1889.01	13.684646777158717	12.52
1890.01	9.737713834321957	29.54
1891.01	17.817390430896562	28.580000000000002
1892.01	12.519376114466066	-1.69
1893.01	10.722421217659095	37.21
1894.01	15.417204583841128	37.980000000000004
1895.01	9.2825893731947	27.650000000000002
1895.02	14.581944500267628	39.980000000000004
1895.03	29.222331284025937	67.29
1897.01	19.826729046726193	25.36
1898.01	8.19707733362648	15.59
1899.01	18.727212746275846	39.31
1900.01	8.37079826520823	11.700000000000001
1901.01	13.219670111372878	2.
1902.01	5.9064037624495045	10.1
1904.01	10.281540616330163	5.39
1905.01	12.49903269897127	23.37
1905.02	18.92052279395697	15.39
1905.03	39.30384629746292	31.66
1906.01	2.972822780663588	-4.55
1907.01	13.916340852300811	68.11
1908.01	12.67215996602174	15.4
1908.02	33.23885462131599	72.8
1909.01	12.632431006658717	36.49
1909.02	14.467161620493608	31.41
1909.03	10.45763107874056	0.16
1910.01	14.028366791243018	4.16
1911.01	6.277020612903195	5.63
1913.01	18.475512592746348	138.11
1914.01	7.984180281789582	8.94
1915.01	12.089234485017021	34.08
1916.01	18.27910739898658	26.48
1916.02	15.952595975315461	66.66
1917.01	36.778095742350224	16.92
1920.01	6.547840745994634	3.0500000000000003
1921.01	14.520569536037296	89.78
1922.03	8.762362653630753	-4.59
1923.01	8.565011572878813	6.99
1925.01	16.66343594363569	95.21000000000001
1928.01	12.574766488108702	10.43
1929.01	22.614317310371835	48.7
1929.02	25.37798031580551	107.86
1930.01	29.00726986605237	22.75
1930.02	27.971743837140103	33.05
1930.03	17.079537559121018	0.58
1930.04	40.40546430632881	67.13
1931.01	17.138025335213058	55.89
1931.02	28.17400522335391	16.76
1931.03	23.69163280878963	11.040000000000001
1932.01	35.0727538440311	2.07
1933.01	11.105052812303299	-2.2600000000000002
1934.01	15.378646563349001	51.230000000000004
1935.01	3.1797673561454607	-5.84
1937.01	2.5075964406947655	17.48
1938.01	9.40347120755307	5.88
1939.01	9.60822611682435	17.38
1940.01	5.765795557508642	1.36
1942.01	15.931870769275736	48.800000000000004
1944.01	9.122805879058	6.93
1945.01	18.357910561196984	25.54
1946.01	9.694163877070745	30.52
1950.01	10.535195710611537	-4.21
1951.01	12.04237988409029	0.28
1952.01	21.232912912340222	52.15
1952.02	31.69117064196823	10.81
1952.04	58.0803283044771	82.37
1955.01	17.333164220738528	57.06
1955.02	47.13340402752065	25.580000000000002
1955.04	18.895963480761	16.97
1958.01	12.136921212188009	23.85
1959.01	6.556593206375522	2.09
1960.01	15.045860400962916	6.8500000000000005
1960.02	22.05319843569882	7.88
1961.01	7.910552831536971	23.36
1962.01	7.588369970360381	-0.06
1963.01	6.007929600294957	-2.32
1964.01	25.417822993096696	44.09
1967.01	8.260027702781192	10.44
1968.01	11.366412035365393	19.830000000000002
1969.01	19.211507597728744	34.74
1970.01	16.51271634248589	26.97
1970.02	21.063925773040268	0.31
1971.01	26.644402899299344	66.43
1972.01	11.385427309686307	20.72
1973.01	18.311238666881984	165.75
1974.01	7.705913102605677	-3.56
1975.01	16.39061204331745	38.49
1976.01	15.887211320585212	50.64
1977.01	5.741195840942597	5.34
1978.01	7.161591192056952	14.19
1978.02	10.648952087105009	13.65
1979.01	7.5483102925628085	28.66
1980.01	17.886172711572417	7.07
1982.01	10.097684497076589	28.14
1984.01	13.674802939491459	15.24
1985.01	3.314590103675534	7.0200000000000005
1986.01	11.667189611371375	0.54
1989.01	507.2257526218934	144.68
1990.01	29.98163298200567	45.17
1992.01	28.96940745633919	63.11
1992.02	33.066579043940635	-0.32
1995.01	4.27990038628671	3.94
1996.01	10.070396556303873	6.5600000000000005
1997.01	21.400476099732995	60.47
1998.01	16.720502278817005	67.7
2000.01	11.173668438541181	11.55
2001.01	16.805748948574912	51.52
2002.01	11.176238499049438	8.84
2004.01	43.949339300332234	-5.39
2005.01	20.670540832630557	66.77
2006.01	8.34499218128779	31.04
2007.02	28.48585204229692	61.61
2009.01	57.721169815689244	-2.56
2010.01	10.149693702687545	7.5200000000000005
2011.01	12.736157571158506	32.25
2011.02	30.43772727039856	3.63
2012.01	8.97613078698692	-3.31
2013.01	7.016983860925211	28.69
2016.01	22.991901145222	82.79
2017.01	8.760536598493443	29.68
2018.01	32.55320423536764	56.53
2019.01	14.300677859518956	24.66
2020.01	19.051557646902985	1.68
2021.01	11.43714557839331	29.05
2022.01	9.579866692597843	14.19
2022.02	18.500717290550636	62.410000000000004
2023.01	16.044827764068337	20.830000000000002
2024.01	131.1036483524408	-2.59
2025.01	10.152210640156351	3.37
2025.02	22.344804646131134	42.57
2026.01	9.037606814122002	36.5
2028.01	14.382620529216073	4.19
2028.02	21.92091901206579	20.6
2028.03	66.38746713265108	18.07
2029.01	7.104583848655008	-0.48
2029.02	26.843363322944036	57.84
2031.01	12.347777850221778	14.72
2032.01	8.147865859625583	-1.6500000000000001
2033.01	20.74835285435681	134.7
2034.01	4.971270562663711	15.06
2035.01	2.304922521615032	8.86
2036.01	17.517899101176997	72.59
2037.01	6.356509030490545	3.8200000000000003
2037.02	8.718688085281725	16.51
2037.03	16.181230999714842	108.64
2038.01	39.21120702821782	176.98
2038.02	63.53863675377789	341.14
2039.01	13.833764018183604	38.65
2040.01	6.571836339494132	-0.85
2042.01	43.21588976106921	104.77
2043.01	12.742896370425228	-1.27
2044.01	16.733037866318433	36.800000000000004
2045.01	14.13687015274846	43.71
2045.02	25.72995198085387	16.06
2046.01	27.58817849840024	20.1
2047.01	22.28191096208161	51.99
2048.01	10.17269149981308	24.93
2051.01	13.37981614170194	-2.77
2052.01	6.437104790729974	3.96
2053.01	15.233213628865764	45.65
2053.02	13.363139948668918	17.37
2055.01	12.805087616416992	23.62
2056.01	18.020678777018077	10.53
2057.01	18.877487837816766	86.88
2060.01	7.0795003819258895	21.26
2061.01	155.77208124339236	2026.9
2062.01	15.430798067007911	3.1
2064.01	22.563581967714327	53.63
2065.01	13.149127548273047	-1.36
2066.01	12.32781143856053	-3.25
2067.01	13.834374578321118	5.0200000000000005
2069.01	22.04532032772908	36.82
2073.01	28.5434833819542	11.27
2073.03	17.137646523868963	20.35
2074.01	26.53332335946896	34.85
2076.01	27.61734811938558	12.63
2076.02	5.906550615335371	-1.75
2078.01	106.39531194734273	49.04
2078.02	22.23439410198124	17.28
2080.01	17.04495419838555	-2.99
2080.02	13.236524682890174	17.94
2081.01	34.51789166158222	51.64
2082.01	15.21906922987711	12.77
2083.01	8.283208237595137	16.93
2084.01	7.100387228911254	7.68
2086.02	34.43017698254621	68.16
2087.01	32.769878674687966	91.55
2090.01	6.430501065044697	8.5
2091.01	18.790050455249226	32.59
2092.01	42.32137844888085	25.97
2092.02	20.30430669838039	15.76
2092.03	126.39684708549771	85.33
2093.01	15.220083599525864	20.68
2094.01	96.21787744821066	68.87
2094.02	18.15064822506111	-1.19
2096.01	25.09885845122854	69.43
2097.01	39.9547057672909	57.36
2098.01	35.435917085639105	89.87
2098.02	24.58236737493429	1.46
2099.01	21.945780187127074	2.7800000000000002
2102.01	217.02579961583382	57.26
2104.01	8.135039847654935	43.61
2106.01	18.431237265193506	21.46
2107.01	21.861391671161407	5.18
2108.01	22.91736410828203	4.24
2109.01	16.609626041489694	28.41
2111.02	11.556366875192525	21.98
2113.01	19.122531426527715	36.160000000000004
2113.02	13.585917554712456	12.13
2114.01	11.214969694195144	28.92
2115.01	10.160663937362141	1.87
2117.01	22.285811153599173	40.33
2120.01	15.489365466206015	45.07
2122.01	16.148668755112045	1.06
2123.01	28.639038447444626	80.65
2124.01	36.262023184810566	36.15
2125.01	27.630300764054684	21.
2126.01	14.460102060666209	17.43
2128.01	12.106094163942238	4.71
2129.01	26.62719686539816	33.660000000000004
2130.01	35.23805796967772	27.23
2131.01	20.03757726050354	6.97
2132.01	28.945885026125662	7.09
2133.01	54.13009708383171	345.81
2134.01	10.919933369517667	1.07
2135.01	11.417562316293491	5.2
2135.02	84.86777491812181	94.52
2135.03	41.14194243791761	58.42
2137.01	15.782257549262148	14.22
2138.01	28.819482125040317	22.43
2140.01	19.46026542340379	10.02
2144.01	33.41335196639394	27.42
2145.01	32.90822022748425	53.6
2147.01	28.22497246162329	32.77
2148.01	40.10797872492294	52.870000000000005
2149.01	23.293330178520133	55.68
2150.01	32.750026488826855	29.91
2152.01	42.680913937517786	25.22
2153.01	119.22669533706478	11.25
2153.02	56.293867686528166	37.61
2154.01	270.1164543548189	367.04
2159.01	26.986397074858687	64.61
2160.01	40.3324579614811	30.29
2162.01	13.180195260498351	-4.48
2162.02	70.64316963366308	2.52
2163.01	27.52328648527345	103.9
2163.02	34.04670598512922	26.42
2166.01	18.508749066024414	8.36
2167.01	14.161703637922372	7.930000000000001
2167.03	15.947690522897314	-3.2800000000000002
2168.02	38.703591569205535	74.43
2169.01	13.245433105596314	32.32
2172.01	11.445475591747181	11.68
2172.02	14.418914507109204	-1.54
2173.01	30.331688078212157	62.58
2173.02	19.613658391169743	21.490000000000002
2174.02	31.24977961121134	31.84
2175.01	22.924172200563692	3.31
2175.02	13.826627727835353	3.5
2177.01	52.81269148144859	42.57
2179.01	13.471784921639982	26.19
2180.01	10.482237404894807	18.3
2181.01	19.88028345985585	11.9
2182.01	14.290560402479928	6.43
2183.01	32.222772897781184	62.07
2185.01	30.14247367699758	6.16
2186.01	15.670972755235642	44.04
2189.01	8.708053302132425	6.2
2191.01	15.45022129830624	52.07
2194.01	22.170504601139193	9.31
2194.02	52.803256427847884	32.230000000000004
2195.01	29.020946695304996	31.220000000000002
2195.02	76.78481078434079	47.67
2198.01	25.27165895469627	19.34
2199.01	61.4986535604333	139.79
2201.01	27.044926654807075	11.540000000000001
2204.01	22.45420989227373	20.29
2205.01	14.148395851550557	1.8800000000000001
2209.01	65.8386518497755	86.48
2212.01	21.095904366414047	7.2
2215.01	125.49345841524541	93.48
2216.01	17.05038206298584	13.77
2217.01	225.49411758182075	63.31
2221.01	34.981144657203565	16.87
2226.01	9.483028154628641	17.2
2227.01	26.497293254849684	1.62
2228.01	146.7677452542042	138.37
2229.01	69.65671607269711	125.52
2232.01	16.86979020812245	8.55
2236.01	25.048641597648206	16.35
2237.01	219.2845526313827	8.21
2245.01	22.318098124347667	6.5200000000000005
2250.01	6.060428363761267	13.4
2252.01	20.1274905140874	5.13
2253.01	22.076365172051503	22.96
2256.01	15.310193626958071	34.44
2257.01	35.88277869524613	32.22
2257.02	82.13599223501333	73.29
2259.01	11.916853341719062	-0.74
2263.01	18.44197361852786	3.91
2263.02	34.7485515212401	43.56
2264.01	31.732833688768146	36.46
2271.01	20.905575784398955	0.2
2274.01	31.818829540536324	68.1
2276.01	14.337462234344267	225.66
2278.01	15.613955603460763	9.77
2279.01	28.53132329641978	7.58
2280.01	80.07080795767521	38.12
2283.01	26.582020281283548	25.32
2285.01	28.573008791895653	21.11
2286.01	23.806572885300255	12.99
2287.01	11.7602309198741	13.48
2288.01	18.181596644106367	11.58
2289.01	23.336154127157837	9.61
2289.02	56.245257839271154	130.52
2290.01	2.602526211815695	-7.25
2291.01	38.447064327938705	24.84
2293.01	41.33034615706866	135.79
2294.01	21.9447027086318	3.5300000000000002
2295.01	30.435857432304687	37.89
2296.01	43.598072013833544	29.52
2298.01	27.474282608650828	14.08
2299.01	7.619713092226045	-0.49
2302.01	39.0739913028788	23.66
2303.01	27.639770172980846	124.03
2305.01	25.16413958703196	4.57
2308.01	48.79099175020902	25.34
2309.01	40.292422481063376	46.1
2310.01	11.851984867966252	24.47
2311.01	107.72977441762147	21.830000000000002
2313.01	16.634783605374473	16.490000000000002
2314.01	10.680941892021508	8.17
2315.01	13.994993138944494	-4.7
2316.01	45.78420884559208	146.27
2318.01	34.014041084398194	109.25
2319.01	10.876461855024884	1.23
2321.01	30.026867133654054	12.9
2328.01	35.08972493791323	59.64
2335.01	16.608914872761904	-0.21
2338.01	15.550232326031246	4.72
2342.01	37.90265795244035	26.51
2343.01	18.823783870826297	10.41
2345.01	34.10298207099137	61.5
2346.01	34.76965822569002	47.54
2348.01	35.76831836126058	12.370000000000001
2352.01	26.47135598820611	41.26
2352.02	23.211452029411927	69.17
2358.01	18.890486136534477	0.37
2365.01	18.32082564556943	7.91
2366.01	26.974565223094128	37.44
2369.01	31.160522967551714	29.85
2370.01	19.846452813467284	6.82
2371.01	42.72550320345084	95.14
2373.01	26.566987468397578	8.36
2376.01	18.796004948052648	12.43
2379.01	19.043496702382395	3.5
2386.01	39.26035452146295	68.95
2389.01	45.549294037848746	28.68
2390.01	40.039682119775385	59.32
2397.01	19.961643782732423	18.580000000000002
2400.01	18.199795539012012	15.08
2401.01	26.6901894775925	39.1
2402.01	37.34566754606593	71.67
2403.01	35.561522816727006	59.17
2407.01	47.709369036922034	69.54
2408.01	15.471917156337511	-0.08
2413.01	27.976545519510232	48.27
2414.01	228.83834420304316	17.900000000000002
2414.02	31.314073156786268	3.86
2417.01	21.26210537050534	6.5600000000000005
2418.01	91.58854986358772	127.71000000000001
2419.01	29.41503231603095	18.830000000000002
2422.01	33.87218304620611	19.61
2423.01	25.56221721683244	8.99
2432.01	35.27267768515189	30.14
2433.01	55.97328615698788	141.78
2433.02	32.720544795759665	29.97
2433.03	43.43026731908198	3.2
2433.04	56.32405347115804	53.34
2436.01	22.928797062125778	0.52
2442.01	34.386419804398436	22.54
2444.01	32.04482173989308	39.92
2445.01	95.86773199413427	274.97
2448.01	17.143863723791604	29.1
2449.01	71.05802621253532	250.39000000000001
2450.01	19.50535007891512	5.91
2451.01	92.69157878100954	5.99
2461.01	15.181295176853427	9.09
2462.01	44.71618489237403	66.04
2468.01	49.97937506223982	7.
2469.01	35.254489755842	21.51
2471.01	46.30609887422368	15.3
2474.01	618.1566909718498	25.7
2477.01	12.781308729249004	9.99
2479.01	93.41365167218153	15.15
2481.01	342.47707992889565	364.41
2482.01	43.51808396383952	51.42
2484.01	24.678554954430624	9.59
2487.01	50.921059843599195	56.35
2494.01	52.04642279261732	81.34
2497.01	47.68898033980247	70.28
2503.01	28.039574894818003	19.97
2504.01	30.26981143575652	36.82
2512.01	14.516665368855692	5.11
2513.01	11.40508682244278	7.16
2521.01	27.917343871530665	43.800000000000004
2523.01	36.643566210528284	54.34
2524.01	87.85712944595969	88.62
2525.01	180.0362791719062	20.46
2528.01	9.594584790467083	4.49
2529.01	30.62421880063208	64.16
2529.02	32.7946302492555	29.38
2530.01	30.712576237311662	5.34
2531.01	22.944041303025028	23.32
2533.01	83.3139879932643	131.67000000000002
2535.01	55.440730426869855	80.46000000000001
2536.01	261.4978915575112	19.330000000000002
2538.01	14.767761113794272	-6.21
2541.02	142.098837054317	297.45
2544.01	33.484756773647476	41.2
2553.01	36.92917876957004	11.84
2555.01	28.263624193800386	13.75
2556.01	24.82830739851746	1.25
2560.01	24.46224002481979	-5.34
2563.01	38.150106143317096	20.36
2564.01	55.225789260826645	25.78
2573.01	2.2540621323442243	10.94
2577.01	47.050267249129845	400.36
2578.01	8.385240541806496	2.37
2582.01	29.597694417354024	20.02
2590.02	113.57258262795916	306.73
2592.01	33.14960014390599	0.35000000000000003
2593.01	34.580500834909124	26.28
2594.01	46.52678580560556	15.370000000000001
2598.01	48.566458106187135	68.58
2601.01	22.13382006702695	8.86
2603.01	45.92530149960196	5.89
2613.01	193.2779277987361	64.5
2620.01	21.371918803613376	6.12
2624.01	8.303454788687752	-4.2700000000000005
2626.01	25.155705106395107	4.73
2631.01	39.38782812113453	37.08
2632.01	41.776485070392795	59.49
2634.01	39.988132457043875	29.580000000000002
2635.01	69.72480418963679	68.03
2640.01	351.56707606676963	340.98
2650.01	42.86440661515101	7.930000000000001
2652.01	38.27956481085636	23.36
2660.01	30.160696575121385	8.51
2664.01	28.184866495557745	15.08
2666.01	166.82035159412976	42.02
2672.01	144.81161657154772	68168.75
2672.02	34.121166580154224	5444.29
2674.01	1.62382730336026	-5.
2675.01	1.7224372257262592	3.58
2677.01	9.16623961690854	5.23
2678.01	1.1003957598942744	-1.35
2679.01	3.7891728511902554	93.13
2680.01	1.791720709126188	0.29
2681.01	20.886386288020162	82.23
2682.01	2.726686108525069	-0.31
2683.01	10.513541707950054	1.94
2686.01	362.30028789074424	343.67
2687.01	7.459220193951217	53.32
2687.02	11.480747528154364	31.580000000000002
2688.01	2.323141089356127	5.66
2690.01	2.7739794323145666	1.
2691.01	72.39718299242807	753.53
2693.01	16.593325009763355	94.36
2693.02	12.834539218771344	4.94
2693.03	13.889108129497101	36.62
2694.02	16.37931344355337	65.39
2696.01	13.59908294981066	5.2
2696.02	21.95592190633671	43.03
2698.01	7.043630919888926	-5.69
2703.01	21.2893395815713	1.45
2704.01	6.867545494499216	26.14
2705.01	4.870626070206307	35.72
2706.01	21.187284996411908	246.74
2707.01	13.210301618771634	6.59
2707.03	13.224583976694182	5.48
2711.01	19.79505218305287	52.83
2711.02	29.235089136079466	57.14
2712.01	104.78662071512184	147.13
2714.01	39.511590241380155	66.81
2714.02	62.00262531968302	29.95
2715.01	4.190611889007232	2.82
2715.02	7.535849798750048	9.040000000000001
2715.03	25.685323102194655	66.81
2717.01	5.4144335549996585	60.35
2720.01	41.6077816214467	270.32
2721.01	37.99095455834339	84.33
2722.01	16.152046034213438	26.28
2722.02	26.071950161874593	70.37
2722.04	21.01186966087622	20.29
2728.01	17.938922269138	64.14
2729.01	26.846231714738416	41.15
2732.01	35.40885073694015	61.04
2732.02	49.34382410826989	47.74
2732.03	19.576367698975666	-0.96
2732.04	70.00731105606535	2.48
2733.01	22.64326822012389	83.15
2736.01	17.26768873971665	44.32
2739.01	23.88526227312843	52.52
2743.01	13.578371462374289	23.02
2744.01	9.830791350124127	-2.11
2745.01	39.608705997776674	30.21
2748.01	42.78672174339431	13.4
2750.01	19.238020036350967	-0.13
2751.01	13.247839648419726	10.48
2757.01	10.013118530573925	-1.48
2760.01	13.40826788874857	-3.97
2762.01	16.11132164507846	3.6
2770.01	10.303985492943495	-4.91
2775.01	15.682108543142592	17.87
2779.01	20.9435867369085	-2.62
2785.01	12.519238496057929	18.150000000000002
2786.01	30.007594402879416	16.63
2790.01	25.151869426514565	36.660000000000004
2791.01	40.0563989335338	31.470000000000002
2793.01	6.526868340003605	6.63
2795.01	33.460447210544864	89.04
2806.01	31.065741617556608	17.91
2812.01	37.68909408669614	12.700000000000001
2821.01	8.019197613273185	-6.18
2828.01	44.308260688949204	34.35
2829.01	12.34148969925112	24.46
2830.01	36.63852535484242	27.42
2834.01	28.936929382045786	7.7700000000000005
2837.01	40.59626625972815	69.09
2842.01	3.71946953440574	10.92
2842.02	5.089131275061412	-4.69
2842.03	7.220413231760803	6.41
2848.01	48.377684541080065	114.01
2856.01	24.67474715672354	-0.51
2857.01	27.359626964997418	24.91
2860.01	59.85582239790198	31.88
2862.01	19.100651147454194	8.63
2868.01	22.87214359773087	20.2
2882.01	35.07670561812071	7.74
2883.01	15.239131444638529	10.290000000000001
2898.01	26.625497538218365	5.88
2900.01	34.52715424657391	17.28
2904.01	68.9175885048062	130.12
2906.02	54.6599046046787	0.55
2910.01	23.036897443370766	18.990000000000002
2914.01	51.26346588798548	21.71
2926.01	17.86099502576876	15.84
2926.02	13.582071438138602	9.
2927.01	58.40480721059658	82.78
2931.01	37.644463557621826	28.39
2933.01	10.338564164031977	1.49
2935.01	67.76519710174718	67.46000000000001
2942.01	30.158927450988962	9.26
2942.02	31.737564961872113	2.35
2943.01	12.247608976695462	-7.03
2945.01	13.182023056709191	4.99
2946.01	30.86699702817117	29.78
2958.01	40.5541158531243	69.08
2959.01	24.384846798419712	24.04
2963.01	41.63479126016023	46.15
2964.01	105.13350949829557	36.63
2967.01	48.775757139240454	41.78
2972.02	103.26840222653709	113.03
2975.01	427.1653913813608	22.29
2976.01	14.83508769245724	7.21
2992.01	36.395290437550244	28.92
2996.01	28.397865023408986	3.84
2998.01	22.512113478086782	17.03
3004.01	83.48553201561913	35.730000000000004
3010.01	26.644646369444352	8.370000000000001
3014.01	13.586488377165699	-4.04
3034.01	26.712761884759402	86.22
3045.01	29.81680740489116	7.86
3049.01	24.8037842028734	4.5200000000000005
3053.01	45.10228087569943	13.91
3057.01	33.31644744318599	50.93
3061.02	74.22732287277321	43.11
3066.01	34.58474103964637	9.19
3069.01	58.07362761269087	21.98
3072.01	72.01487198911242	205.71
3086.01	43.396902518295136	-4.04
3093.01	76.66045685529686	63.980000000000004
3109.01	46.86048113626956	141.01
3144.01	17.10855037559443	6.48
3146.01	78.92210750734735	85.93
3147.01	87.90477750990958	84.3
3158.01	18.654963324058755	79.47
3158.02	7.941704048719521	30.330000000000002
3158.03	10.553777722065494	55.85
3158.04	9.324352219521042	34.33
3158.05	5.847526010074329	28.89
3161.01	3.1994744342428163	245.6
3168.01	66.48080243158827	32.79
3202.01	71.17868396589186	41.52
3203.01	28.92562568113521	9.6
3209.01	69.04095163801655	758.24
3214.01	52.576087865877746	56.81
3220.01	11.871898521328347	38.92
3232.01	8.03712561665719	10.9
3237.01	7.679499519496612	1.35
3246.01	4.328144049733388	26.94
3255.01	13.095224523698931	-0.78
3258.01	39.0243345949315	6.63
3259.01	12.514819886098273	-4.0600000000000005
3260.01	22.764841938938158	4.99
3261.01	130.69093679640812	35.47
3263.01	0.8897227678564262	-3.5100000000000002
3266.01	20.2290330444617	-1.1400000000000001
3274.01	18.712829251290778	8.35
3277.01	38.15076815854597	26.5
3278.01	6.546298113847825	-3.12
3279.01	33.39591089101819	41.27
3280.01	21.981127887589967	21.09
3281.01	45.92724432331182	40.99
3282.01	16.607748095808923	2.67
3284.01	53.083775699719105	84.26
3287.01	32.499939319176065	13.450000000000001
3288.01	71.61174992462905	16.39
3296.01	183.17807579199453	17.43
3298.01	16.96064350936386	14.33
3303.01	31.21847890591921	39.74
3305.01	22.360803651009704	2.11
3308.01	32.74366470406265	26.88
3309.01	1.5322739652554755	-3.02
3310.01	35.524306391948635	31.27
3311.01	11.915585814025558	5.21
3313.01	14.014625076940623	7.3
3315.01	47.64096836947195	70.06
3316.01	8.573192053225432	-0.92
3318.02	39.50407328614746	52.74
3319.01	32.12340302096902	41.74
3319.02	37.02686034287629	79.53
3320.01	3.4017355566153977	6.88
3324.01	18.911206455660896	7.41
3335.01	59.5062405974903	61.22
3339.01	85.16387550469419	12.75
3341.01	113.7962170033306	144.09
3343.01	13.339151030146143	-4.96
3345.01	123.77951194308531	395.86
3346.01	35.151748518467464	46.58
3348.01	39.462693906016845	29.650000000000002
3349.01	42.56384036769264	2.65
3357.01	0.21012822456444435	-4.11
3361.01	43.37553563261837	7.8
3363.01	28.32717405159473	91.22
3365.01	29.762928607563477	48.51
3370.01	33.09074355344627	35.74
3371.01	55.206377206072894	89.3
3372.01	41.62187174046365	27.07
3375.01	209.23309991021353	33.1
3379.01	82.49182734850925	186.21
3383.01	51.719313547504925	74.89
3384.02	42.772892274450385	81.04
3385.01	0.35119095888000124	2.86
3386.01	0.20558322059805725	3.86
3391.01	309.91899680012307	158.76
3393.01	77.3004843920075	30.93
3396.01	219.34160946964573	68.46000000000001
3398.02	56.45974325410974	153.96
3403.01	19.895133113303356	-4.09
3404.01	47.82679043707992	0.25
3407.01	30.864413196261864	17.07
3408.01	57.39157087847652	35.160000000000004
3411.01	1.3596906772791326	48.19
3412.01	18.904457945303296	39.1
3414.01	0.26630918943926324	19.61
3415.01	32.60472455607002	27.04
3417.01	74.35826476430886	32.09
3418.01	45.343272826846174	0.96
3419.01	0.2241066375585775	119.93
3421.01	67.35919800318372	16.330000000000002
3423.01	13.07252420202072	9.25
3425.01	40.321281431651386	29.6
3426.01	67.14378855534336	37.04
3428.01	49.89938372896418	1.97
3432.01	42.085462757161125	2.83
3433.01	3.7615221588476557	0.56
3436.01	47.43283954071278	31.23
3439.01	63.79750903325703	84.94
3440.01	47.77841856437497	-3.41
3443.01	174.58387967660357	12.66
3444.02	3.033103556770425	11.38
3445.01	90.48213196282732	54.72
3447.01	77.9424893037986	85.26
3448.01	36.48090837745623	3.85
3449.01	0.4370607872688965	6.23
3451.01	35.87816242171212	22.41
3456.01	31.657151562906538	24.87
3460.01	47.56348754960406	1.27
3465.01	45.50165186770261	70.02
3470.02	48.153914478681095	21.09
3473.01	8.16919316962652	13.08
3474.01	56.73426896722134	17.29
3478.01	42.996307856494774	54.83
3481.01	786.638917573852	198.82
3483.01	141.56719133173428	84.88
3484.01	53.09446122101565	15.68
3486.01	79.22992502291248	18.14
3487.01	0.1550506787037278	15.56
3493.01	85.06888555731163	74.89
3494.01	123.28118672251009	5.42
3496.01	87.67081137647051	395.94
3497.01	10.444788917804612	9.93
3500.01	22.463120826016382	3.68
3506.01	0.526436736304774	350.98
3508.01	41.36449188615719	13.06
3509.01	31.25713178521586	183.6
3573.01	0.13145892494410352	15.16
3583.01	1.4604802931538767	376.79
3602.01	1.7492253047704145	9.540000000000001
3605.01	0.36620733067526995	2.95
3608.01	0.3751263948827599	8.57
3620.01	0.42228358600788535	13.41
3627.02	0.6915442019573265	20.91
3641.01	0.32016489888615474	3.
3652.01	0.45073578543868764	12.61
3660.01	1.275470614919953	-0.18
3663.01	1.0425238431912665	7.07
3674.01	1.1349645556482089	7.61
3678.01	7.503012944508987	569.1800000000001
3680.01	2.0242792292370613	18.86
3681.01	3.541357535324956	-4.17
3681.02	25.090699727792245	67.31
3683.01	7.708722284551758	378.82
3685.01	0.46722920421656705	-1.73
3685.02	24.53584390367727	57.97
3689.01	0.688748999243376	0.48
3690.01	0.6278599458027528	0.74
3692.01	7.093007184593446	5549.71
3696.01	5.211723482802083	-0.45
3709.01	5.688082552335247	-0.47000000000000003
3717.01	18.63621252680774	49.11
3720.01	2.5713341942553156	20.09
3721.01	1.2000292620462645	2.18
3726.01	0.8665297360374348	-2.31
3728.01	0.6156852889196772	10.25
3749.01	1.7808313906293203	38.59
3762.01	20.513055675636327	78.89
3767.01	1.4005889134183684	6.74
3770.01	1.3122104568698025	1.23
3771.01	1.7558517875673856	12.700000000000001
3781.01	5.8871189469522704	10919.44
3782.01	1.9422389157733426	0.66
3783.01	1.0926058191101853	-2.73
3787.01	1.2208120226042616	5.75
3791.02	80.50441873897279	635.74
3794.01	2.9294382695880143	516.5
3801.01	27.193211246891774	8.15
3811.01	1.8157743037934935	-2.74
3815.01	1.3065345231628136	-1.3900000000000001
3823.01	2.704918256965893	-3.04
3835.01	4.418324461162987	17.35
3837.01	1.9142416901054558	-3.8000000000000003
3848.01	7.8639629696912206	31.35
3853.01	8.540577343457189	71.54
3864.01	5.881154460612803	9.13
3864.02	20.59220297724883	15.83
3871.01	1.8413254104846473	22.84
3876.01	5.725786115936288	9.4
3886.01	47.80675419483654	1529.89
3889.01	48.48042368850498	3.8200000000000003
3890.01	12.146451623107598	-1.1400000000000001
3891.01	10.31122016390526	1.9100000000000001
3893.01	10.798982959865544	74.13
3901.01	17.216252742801043	-2.14
3908.01	29.616464357223702	13.24
3913.01	2.467533804448698	11.52
3916.01	5.657317517947332	3.84
3923.01	9.810950075831224	16.44
3925.01	6.774391864703717	-0.67
3925.02	19.299404719055882	33.51
3925.03	30.10076341706461	6.8500000000000005
3933.01	7.43857255242054	9.84
3943.01	25.075938099368425	30.63
3947.02	152.0494011815955	203.64000000000001
3966.01	32.265909877134845	18.46
4004.01	19.23038524720991	61.46
4005.01	50.473671723502825	5.67
4007.01	102.0918058806405	238.71
4009.01	24.185603044455135	-3.06
4011.01	29.039564188621714	39.83
4014.01	83.0329561644032	10.8
4015.01	9.106860959130968	-3.0100000000000002
4016.01	17.34596705046399	-1.9100000000000001
4021.01	25.99611559143077	57.09
4024.01	12.116642554809456	3.25
4036.01	19.908500634380836	-3.19
4037.01	185.79612744583537	88.89
4051.01	8.775651344561089	-3.7
4054.01	9.004393807314665	-4.8100000000000005
4060.01	105.1087489063571	68.
4066.01	68.67749742360391	200.43
4067.01	6.560466331842358	-1.6500000000000001
4068.01	25.35360586175727	28.27
4069.01	15.6415350385953	4.22
4076.01	40.63566562498269	4.09
4084.01	29.45928748255137	-1.59
4087.01	27.82362947754437	-1.51
4091.01	40.11412592252059	0.64
4092.01	51.4344143416743	75.91
4120.01	130.73455166794054	32.94
4121.01	28.309273805952643	0.01
4123.01	64.42460228813646	9.41
4127.01	20.931644567552347	27.45
4150.01	74.76442318455352	56.050000000000004
4152.01	16.03382509765088	35.84
4189.01	34.50409780479091	7.0200000000000005
4192.01	35.106136304486185	27.7
4202.01	308.58397632510975	22.63
4204.01	61.76893596514485	102.75
4215.01	85.06142208197981	83.22
4226.01	58.822404324534844	22.69
4235.01	20.374428214319014	36.5
4242.01	83.82816485589096	14.42
4245.01	92.7979596005558	141.04
4253.01	13.051376920607247	8.9
4257.01	130.0982576745032	181.33
4269.01	40.55913004582394	18.55
4276.01	116.68283814863403	114.39
4303.01	37.265698248310784	1.43
4307.01	126.66909563586806	29.22
4313.01	10.983461787008443	9.21
4318.01	40.756891683823035	52.43
4343.01	81.25223283054652	50.64
4353.01	64.97372533469887	20.52
4356.01	36.35131390614142	-4.72
4361.01	13.025701304138881	3.69
4363.01	19.604043619525967	44.27
4367.01	25.429043960177808	5.89
4371.01	93.31707702989932	40.57
4384.01	114.54621227984994	3.04
4391.01	108.81157734644816	104.60000000000001
4399.01	39.56894870730684	0.49
4427.01	25.20881480855795	-3.38
4446.01	22.80275182718888	-2.57
4450.01	29.442609569442226	2.43
4457.01	83.56067048590447	29.54
4463.01	111.39332007821221	120.81
4466.01	275.87458977045327	3.93
4480.01	33.21443300168764	44.550000000000004
4491.01	99.09672889536256	57.13
4496.01	85.01962205957926	6.88
4498.01	94.71549138086631	21.63
4500.02	42.48833028380103	28.77
4519.01	53.88307589636309	60.4
4526.01	80.47069393014597	8.870000000000001
4548.01	113.26412814265892	77.55
4550.01	33.67216389683611	4.38
4556.01	112.72045632489377	128.61
4561.01	22.82060491912862	9.51
4570.01	48.68989966250588	64.76
4571.01	70.09792750192044	49.99
4575.01	122.50645922842656	33.52
4577.01	32.69910750021896	0.26
4586.01	17.004297370699533	-1.87
4626.01	105.5668869376267	28.34
4630.01	654.0286174662062	123.41
4632.01	27.637056475109613	4.69
4636.01	81.046736851457	183.11
4647.01	105.91595505471584	94.97
4659.01	86.08362601250441	26.12
4667.01	70.4125862356654	14.46
4670.01	19.11731176280736	11.88
4680.01	48.749087069948715	1.97
4706.01	365.5421800177874	51.88
4715.01	77.14275768360586	18.88
4717.01	90.75245906189193	-1.04
4742.01	64.56446067523372	9.18
4743.01	16.431113976987334	16.03
4745.01	35.5139947462531	-4.34
4747.01	85.99056618964448	38.08
4763.01	78.84215211907816	36.34
4771.01	40.0258687845583	6.51
4774.01	40.62676290225913	3.38
4801.01	47.634770946928604	8.67
4810.01	71.48049546425449	46.56
4811.01	96.73071757626327	137.09
4829.01	25.269456025649507	-0.23
4886.01	13.191949494130052	6.44
4890.01	194.61738375710436	134.63
4921.01	133.42828900827172	321.06
4927.01	230.03401680199448	26.98
4928.01	2.259103051645284	146.18
4935.01	240.98580433223415	1099.5
4938.01	100.63779174263658	26.240000000000002
4940.01	68.40395214459767	93.98
4942.01	105.85959315035399	167.69
4956.01	135.11328672350646	278.72
4963.01	182.73341151067814	892.03
4966.01	9.454954499805869	101.76
4971.01	49.921253008086424	3.89
4975.01	14.652549817514076	5.4
4983.01	69.64657206832996	43.39
4984.01	106.07484304377216	106.15
4997.01	171.90895387485324	45.14
5000.01	62.69097156164451	2.5
5003.01	66.64737614994391	55.050000000000004
5004.01	124.95299109570593	19.73
5008.01	48.27533394239923	-4.64
5019.01	226.25756113538273	352.67
5029.01	569.55677394569	169.9
5033.01	56.52417847921856	11.22
5041.01	19.85897708039914	11.41
5044.01	43.87735958634299	0.71
5046.01	45.900394599762485	35.85
5048.01	18.880270045562526	-2.02
5050.01	161.09855577849984	189.73
5051.01	33.14148296853588	-4.92
5052.01	37.92494874221273	98.22
5056.01	26.789582457340213	-1.84
5060.01	471.040678230236	49.88
5064.01	101.53408462681296	-2.37
5066.01	73.5494235544691	12.34
5071.01	2.5754855328671447	-4.11
5078.01	52.30776800144008	95.87
5092.01	10.67389179906841	-4.8100000000000005
5098.01	64.13042774282424	30.
5099.01	247.05371085963841	6.21
5102.01	75.37561173833727	182.39000000000001
5106.01	49.896443011533066	6.75
5107.01	20.631944523841895	-1.99
5109.01	428.50151918416935	32.4
5110.01	36.534434233148545	4.95
5119.01	22.022468082683634	-4.01
5120.01	154.69669906045414	80.64
5123.01	221.0137347594576	-1.7
5124.01	13.151827481585457	-4.11
5127.01	0.6032511544811234	10.38
5128.01	2.518745845310855	3.65
5139.01	224.0555098621065	47.910000000000004
5142.01	13.741024464025926	-3.22
5158.01	80.9026548275837	13.49
5164.01	30.47264032429114	14.290000000000001
5170.01	14.526329166568283	-4.8500000000000005
5176.01	35.30209934032418	18.37
5181.01	84.80229441364762	-0.16
5186.01	39.29195302126072	-1.94
5187.01	6.392444780718551	178.62
5192.01	175.89773581729605	30.970000000000002
5193.01	8.575293682236774	-4.5600000000000005
5194.01	134.18824953246062	15.85
5198.01	51.115207633039134	13.59
5208.01	220.3811353790428	57.33
5210.01	287.68442787448555	133.9
5215.01	160.89177545845257	45.28
5219.01	230.3185416906601	405.6
5220.01	3.238284589558788	31.810000000000002
5224.01	34.111619645448435	-1.59
5226.01	575.5539422140088	14.76
5234.01	135.88434627267492	-1.72
5235.01	124.6220912111922	19.44
5240.01	13.405339881360115	12.44
5245.01	4.719828508716724	137.12
5248.01	4004.8832855172814	752.89
5254.01	175.92263297787477	-0.48
5257.01	268.0907081319116	6.62
5276.01	75.87935552033852	2.79
5279.01	129.34967296086515	22.650000000000002
5289.01	1387.4954350404807	223.14000000000001
5300.01	316.1819141594763	215.84
5304.01	81.81952487644679	16.46
5309.01	131.0557951572256	9.09
5314.01	47.469168402081515	11.19
5321.01	1457.2349395338472	97.76
5324.01	7.4185068261521	-4.65
5329.01	5.996680876538846	0.15
5336.01	64.22912219584072	4.36
5340.01	36.56150191906187	-1.6500000000000001
5345.01	54.49969672924575	95.53
5358.01	77.90966410828912	43.45
5361.01	30.81067357066745	19.12
5368.01	42.9087639561343	2.2
5372.01	1136.563921297397	328.63
5374.01	125.21741036908921	28.09
5375.01	26.290949918474382	-2.75
5377.01	31.492869165002745	14.67
5384.01	7.249111607551375	14.1
5387.01	263.6778538119645	5.72
5388.01	153.07184637838037	28.55
5390.01	69.07732027727518	25.91
5401.01	17.27699636694941	-1.78
5403.01	4.564844183123837	82.79
5409.01	3.516513234595075	-3.75
5420.01	45.40219924741149	109.9
5426.01	269.1165519637657	13.73
5433.01	22.437175913343133	-1.95
5437.01	39.27985452802838	0.9
5440.01	122.12358823410929	67.33
5441.01	173.1311427520538	591.39
5450.01	63.49565573519615	0.19
5453.01	471.2797656118998	361.37
5458.01	37.151454568748214	3.18
5459.01	46.34021116441927	12.17
5461.01	268.39787077045634	88.87
5472.01	71.56707641685509	48.34
5474.01	40.792949952872725	17.02
5476.01	84.33165378882579	23.69
5480.01	58.492023105941946	3.0100000000000002
5484.01	27.13755033441881	-1.07
5490.01	35.46095423111612	-2.09
5496.01	11.68737961766415	-4.64
5497.01	113.70339064162226	115.64
5499.01	165.34925463356413	38.660000000000004
5500.01	34.91859764755808	27.95
5504.01	29.352911048589963	-2.95
5512.01	83.47551958078152	-0.56
5525.01	32.91977675317643	47.72
5528.01	44.10793601617987	11.620000000000001
5535.01	2560.2547278446286	689.5600000000001
5537.01	57.04336850765855	114.43
5543.01	6.282893443214775	13.21
5553.01	32.861269196669056	4.83
5566.01	12.089958224774154	1.5
5568.01	491.3542118427776	207.
5573.01	29.94229408115065	3.11
5582.01	7.584963337558864	4.19
5585.01	124.80574059601486	33.14
5586.01	144.71718200597994	62.13
5594.01	58.890099173240955	40.01
5595.01	141.95263364450335	155.42000000000002
5600.01	174.94892687750095	46.4
5601.01	32.37828904128604	-4.22
5605.01	8.68851648679094	-3.8000000000000003
5611.01	46.278666914490614	55.81
5621.01	30.41205859263195	0.24
5629.01	41.13382784406975	4.59
5630.01	63.83223059544005	53.96
5631.01	1073.5327160583527	7.19
5632.01	5.714570267636533	2.29
5633.01	23.32799492756208	-2.8000000000000003
5635.01	89.42172319842501	37.660000000000004
5638.01	73.31703882717007	-2.4
5642.01	23.252498753086876	-0.96
5647.01	95.74999576324333	4.5
5651.01	118.84893566462232	29.93
5652.01	364.9491278561061	38.62
5653.01	436.23254972353396	75.95
5654.01	53.81771943019443	-0.45
5657.01	37.936482300203004	-1.03
5662.01	21.169395143694857	11.63
5663.01	22.888792420775147	4.66
5669.01	4.517719436218731	-5.78
5671.01	30.770736038777322	0.54
5672.01	5.760067978866227	2.97
5674.01	17.066375872285413	-3.81
5675.01	38.53382605144978	14.36
5676.01	69.19615206038759	158.35
5684.01	43.62090907599321	11.15
5685.01	90.09239620693506	262.18
5689.01	15.58598833079723	2.15
5690.01	28.378889578876056	42.07
5698.01	67.67412474966918	3.0700000000000003
5703.01	24.847534809482976	2.15
5704.01	124.08421185847129	1.09
5711.01	1.0194328139899476	-4.04
5713.01	9.264785658978736	-0.55
5715.01	2081.4887194992993	80.09
5720.01	35.88369010040929	-3.77
5721.01	40.052007640478244	7.09
5727.01	11.352164865959573	-3.4
5728.01	10.368581698051127	0.9400000000000001
5731.01	18.688000528172903	22.21
5736.01	34.268978940602324	-2.2600000000000002
5757.01	50.45586041054084	5.5
5758.01	19.903525859046095	-2.89
5766.01	26.39214781025028	12.57
5776.01	37.29466806728804	2.38
5779.01	209.79292412842906	-1.53
5781.01	29.875378777869912	-2.89
5783.01	22.605799929587636	-3.1
5787.01	120.53851906187462	24.87
5790.01	32.23364789532845	0.37
5799.01	108.24183342243373	23.21
5801.01	293.56451308136	186.46
5802.01	121.73803991480901	130.24
5809.01	44.71634966698378	-2.37
5816.01	65.1319788646761	61.52
5817.01	99.60517144715155	29.32
5825.01	30.68106990006037	15.97
5830.01	38.594277646811015	32.7
5831.01	10.979871529943955	-6.44
5839.01	15.18496204069864	-3.0500000000000003
5842.01	75.62713483235102	48.53
5845.01	48.602406733647456	127.06
5846.01	197.5258663019259	330.43
5847.01	67.14695310943007	0.54
5854.01	7.397753610838385	-3.15
5856.01	47.64679923811471	-1.97
5865.01	212.66153456557225	693.97
5866.01	76.4502180610823	624.71
5869.01	36.97782877753089	4.49
5870.01	50.04764108797632	26.09
5873.01	39.03003741132523	65.67
5875.01	20.846879585737998	-2.2600000000000002
5878.01	64.19442891163227	12.6
5881.01	248.23950083608025	373.44
5883.01	117.27618002096513	9.6
5885.01	44.577059669787005	-2.27
5887.01	131.29434096662345	31.810000000000002
5888.01	52.97848057436265	0.28
5890.01	402.2504561689818	1.69
5901.01	109.14057318581224	65.57000000000001
5903.01	112.12336441321683	14.19
5913.01	79.37448234388455	2.7600000000000002
5918.01	24.945986824215872	-4.73
5921.01	79.36359577630323	15.77
5924.01	53.28389355910842	1.43
5940.01	40.55344451461493	31.970000000000002
5942.01	435.3902582614917	141.89000000000001
5945.01	45.74015993416236	51.96
5951.01	76.32429242409692	-3.66
5952.01	265.85565643312714	25.85
5955.01	38.28411104721671	26.01
5958.01	30.933775400318574	-3.0700000000000003
5959.01	72.94674891312096	12.65
5968.01	43.16831443643266	22.78
5969.01	179.8834938732771	0.25
5970.01	234.09543941296238	-2.08