T0,period,amplitude 1,ttv period 1,phase 1
116.62218313667634,160.8843478088019,0.00502532890196779,2.563598716440494,0.8259078702848037
116.6223900432305,160.88431327044412,0.004869318472754302,2.589619891272595,0.8794541189933351
116.62206139799652,160.88434071027666,0.004671018554943431,2.595906145268146,0.9089986930050329
116.62197081674297,160.8843854616767,0.004872703267411077,2.5476020477601238,0.7256485982728442
116.62204041361555,160.88433334186033,0.0045335621777037064,2.5547582520449557,0.8142741536998577
116.62247153783103,160.88426223361137,0.004529210520597606,2.581027206312954,0.9131533679449059
116.62151481341313,160.884423624741,0.004648048871691095,2.5564120437735043,0.7833560469741071
116.62206001983368,160.88430804747065,0.005160995457083759,2.6087085691717395,0.97683097463527
116.62213112901422,160.88431588152534,0.004512407795042641,2.5820662359855575,0.8418621947010313
116.62161950860336,160.88438364356622,0.004676820258952842,2.56035546371538,0.7946699063240975
116.6218733189506,160.88440473248767,0.004755465967401911,2.5343241623825374,0.6668397871132349
116.62143721747798,160.88442272123652,0.004428326891105277,2.5548613291599667,0.753141131187825
116.62183897789605,160.88434373520877,0.004638301714725485,2.5887143783333335,0.8468062260548844
116.62167990213239,160.88437331107187,0.004960632286483368,2.559368309479626,0.7237764989365082
116.62219041762727,160.88431978771024,0.005003227950968854,2.5824732028481314,0.8378830578071662
116.62176903707243,160.88438753601204,0.005168248826497136,2.560314001963478,0.7642012743627286
116.62203159724135,160.8843213913429,0.004486558597140015,2.5972407328893814,1.0010522992653355
116.62164760145146,160.88441296465655,0.0047322674716817,2.555282135828355,0.6857981910881967
116.6218608620563,160.8843548922834,0.004908607659332299,2.5545573900766367,0.8091037593994861
116.62157352235162,160.88443595234097,0.004694118816426414,2.5330856967043864,0.60547167368593
116.62251482742992,160.88427578493233,0.004690941660094812,2.585670443521702,0.8587221003871207
116.62193284850613,160.88432591072564,0.004549727005369207,2.5596989791958253,0.7541549576954107
116.62214613202224,160.88431500182992,0.004620923526833404,2.5807833258328308,0.799371840317974
116.62163664459672,160.8844153542468,0.0048547416174275545,2.538194967358874,0.6456282968050318
116.62191432697408,160.88438846188998,0.004776914805027699,2.5579912949591703,0.7620913932140606
116.622716038023,160.8842846815476,0.004974176725539566,2.5597028162827655,0.7936558689844352
116.6223580236765,160.88432064786522,0.004931194663064525,2.577633945149409,0.8622828831119557
116.62201387484478,160.88435708235093,0.005005519344289175,2.5628045491206333,0.8126565377648497
116.62234931230047,160.88432512937138,0.005191821958631248,2.5719693858835453,0.790634938744973
116.6218339734561,160.88434492628528,0.004978029271214875,2.5886645252409934,0.9000414852862593
116.6216361547905,160.88442045866952,0.005046332534383737,2.5747438039703208,0.8605406648487691
116.62255223070424,160.88425517400174,0.005181116926762034,2.6089216959594594,0.9876307168250389
116.62213063061392,160.88435655288112,0.004901992118318427,2.5886554962948374,0.9019655702876787
116.6220054943363,160.88435228602606,0.004898799733885951,2.542399051294598,0.6457180395797278
116.62157352235162,160.88443595234097,0.004694118816426414,2.5330856967043864,0.60547167368593
116.62229128362851,160.88433843791418,0.0048297828986311716,2.5712636629593764,0.8174004424379129
116.62175563612914,160.88438609952863,0.004888656039740074,2.5922241728954214,0.8619253626175477
116.62212283484895,160.88431065748438,0.004812202910491355,2.588937440711799,0.8511406774544588
116.62242799564032,160.88427162790038,0.004997035580262645,2.5773584610773215,0.8040034135410442
116.62235902446217,160.88425782993568,0.004693438817347788,2.565768037991275,0.8211381752065161
116.6223541940477,160.8842801193503,0.0049729284148998945,2.5941392041793234,0.9108174044186985
116.62241006320768,160.8842616800922,0.004648209652242012,2.573809969618528,0.8881259336706916
116.62162312066947,160.88439948964847,0.004669623368188437,2.5409700377054416,0.7564914831119558
116.62217678469477,160.88432634760943,0.00531435248748701,2.5632731974861116,0.7077742775814205
116.62201260330038,160.88433664683788,0.004694881127141643,2.5620724875868723,0.7574732620223261
116.62223051115191,160.88431848761417,0.005089586726954649,2.5600843593059386,0.7978541793630392
116.62200462480762,160.88435338054734,0.004856702539565102,2.5833726608476493,0.9065632258995784
116.62179594860795,160.88436359270827,0.004567482639641744,2.5696733148603603,0.8144220143547521
116.6217936288645,160.88436329140774,0.004894703916463187,2.5883295253871785,0.8445602468095565
116.6217860603372,160.8843518190065,0.004937381785153806,2.5503186324233518,0.7754171903244346
116.62193869511032,160.88438011564642,0.004773278993890592,2.5584206993499383,0.7877325228811529
116.6219888337582,160.88438453757396,0.004846995651851996,2.5597963335216605,0.7518749017925437
116.6227299932311,160.88427882457623,0.0049916963908069045,2.5786457818449917,0.8793041165057455
116.62201884640696,160.88438039992633,0.00508760573533281,2.5905134350708257,0.8913983852093033
116.62211573132726,160.88437510491525,0.004953440041753194,2.566300088666289,0.8505798696823352
116.62158429933844,160.88443914911306,0.005332036647275982,2.569514299297383,0.7590086817492863
116.62224472984074,160.88433617040877,0.004798444690695258,2.585698221363276,0.9314313523003949
116.62148316514369,160.88441484404638,0.005033040759667036,2.576297857898489,0.7649108804427533
116.62220537248669,160.88430248555963,0.00450954010412803,2.5703122559746823,0.9228439621733665
116.62263956604522,160.8842949244148,0.005142533065136366,2.6017677729293793,0.9260062899245229
116.62198366991396,160.88434934869687,0.004920598272115449,2.5822346912171374,0.8732290702553053
116.62200286539651,160.8843573025172,0.004555063678386448,2.573224919440124,0.8494561867655118
116.62177714801,160.88443138332096,0.004799652609892637,2.565006233404408,0.8053541592357941
116.6220150823103,160.8843294640092,0.004613940191158996,2.568910830239133,0.79574307525155
116.62225098817193,160.88429399861744,0.005361061767202571,2.570550035544209,0.7267252594972587
116.62206971405766,160.88430554708233,0.004491618856823904,2.5750966257535497,0.8988540244489542
116.62215172412171,160.88434466250075,0.004383256668734362,2.5491089179601536,0.8036878582592344
116.62172001657858,160.8844337155672,0.005095396543344879,2.5703117493547745,0.8198040311707133
116.62191599796448,160.8844117883899,0.004903210004340148,2.5455570243857784,0.7523638375237522
116.62228844693759,160.88430423572115,0.004816412102288113,2.5754194826028995,0.7684736513198432
116.6221537330651,160.88432787663857,0.00469939588813196,2.592955232852044,0.9677872319709335
116.62200687094278,160.8843813437874,0.004797007304641377,2.5596612403520114,0.7293697352973314
116.62191840020368,160.8843462215584,0.004680833496544484,2.573373994670522,0.7346599299009992
116.62189720354147,160.88432610545718,0.00523066695887829,2.5726411230563704,0.7888810201294113
116.62256489942916,160.8842441997653,0.005065188315158396,2.579391700584812,0.8794055762729189
116.62151180012258,160.88441211836093,0.005192752133301135,2.5733451247930135,0.7698211758192766
116.62213037827118,160.88435004937762,0.004625077234876248,2.5976271911910684,0.9454947242578721
116.62210411415909,160.88434616159768,0.005211647574845734,2.5730593017029832,0.8071612880086986
116.621642565127,160.88446140326792,0.004605161618497258,2.5530641802605434,0.79999258068771
116.62251366677532,160.88428284087163,0.005013954206172297,2.5685452583631485,0.8122314573556471
116.62266205574217,160.88426484134342,0.004906655491263639,2.5931992393348042,0.9004354087729101
116.6221033409757,160.88432646608598,0.005139868302670251,2.594557437899919,0.9411689640109585
116.62204842696885,160.88433440065214,0.005077528368868798,2.5834428357942,0.8825671946327462
116.62185787459606,160.88438315799957,0.004732017463733596,2.566978771845034,0.7759982043859343
116.62170597031582,160.8843960249514,0.00468026795623648,2.560055628380832,0.7629341068029021
116.6221771100042,160.8843217354002,0.004983066073267281,2.555026407689628,0.7577318107909301
116.6221122382078,160.8843328117749,0.004867800271964661,2.5813484936208653,0.8588942453047391
116.62208425613268,160.8844062512728,0.0048900198629047075,2.570936614344289,0.8194478954598515
116.62163208871516,160.88438361014687,0.004375494306827741,2.548478959883664,0.6800048408349215
116.62200872778475,160.88436518180325,0.005329432062609979,2.5631918158495335,0.7853570814484975
116.62179020681889,160.8843810588815,0.0048133829398308335,2.5347147524680254,0.6674811875689793
116.62271197153277,160.88427009785957,0.005121034068525073,2.5848903040735856,0.876641940015303
116.6226226190748,160.8842762380511,0.004822587550207424,2.596746207475661,0.9709136885323556
116.62205744796634,160.88437659396527,0.004853047622184224,2.5631228197246947,0.8015614918238853
116.62224209075194,160.88431204339315,0.005346993743189752,2.5648993910554276,0.7972753606267153
116.62164158045854,160.88442619543756,0.005019055671091021,2.560671687279264,0.6847923253156281
116.62202662321519,160.8843710050167,0.004630574677047847,2.5601251156129714,0.7663025783063905
116.62191636802531,160.88434790617148,0.00461844558564856,2.571138282308079,0.8553209635657897
116.62194132035725,160.88430757072038,0.00441359316271807,2.5395400136654103,0.7191337671951592
116.62235019586097,160.88429949133211,0.005085851649707017,2.5765800646058516,0.8662095708123813
