#BJD_TDB	rel_flux_T1_n	rel_flux_err_T1_n	Width_T1	Sky/Pixel_T1
2460097.581386	1.002750	0.001442	5.170332	301.439867
2460097.582318	1.001653	0.001419	5.096113	302.642831
2460097.583271	0.999917	0.001419	5.214605	296.017216
2460097.584204	1.000469	0.001414	5.147714	295.184666
2460097.585137	0.999020	0.001425	5.245536	295.089335
2460097.586091	0.999472	0.001435	5.422941	292.754504
2460097.587027	0.998454	0.001404	5.186955	294.825594
2460097.587980	0.998332	0.001393	5.180645	290.609550
2460097.588945	1.001005	0.001404	5.282431	291.770089
2460097.589878	0.998983	0.001390	5.209726	289.291748
2460097.590825	1.000216	0.001392	5.250015	288.586155
2460097.591775	1.001469	0.001378	5.123356	289.786327
2460097.592717	0.998871	0.001378	5.201872	288.895089
2460097.593667	0.998713	0.001396	5.361488	287.207710
2460097.594603	0.999460	0.001369	5.204981	283.104241
2460097.595542	0.995928	0.001379	5.269919	280.021536
2460097.596474	1.000326	0.001365	5.191584	277.300869
2460097.597414	1.000462	0.001370	5.252073	275.490844
2460097.598349	1.000505	0.001375	5.259335	275.437852
2460097.599304	1.000103	0.001378	5.343440	273.255660
2460097.600241	1.000444	0.001384	5.379405	271.674839
2460097.601171	1.002938	0.001392	5.478462	269.525305
2460097.602110	0.999901	0.001378	5.349343	267.977714
2460097.603070	1.002876	0.001367	5.301418	270.118328
2460097.604021	1.001187	0.001366	5.349634	266.273708
2460097.604952	1.001540	0.001380	5.383926	263.950175
2460097.605894	0.999900	0.001369	5.281457	266.065952
2460097.606841	0.999130	0.001367	5.214352	265.134980
2460097.607773	0.998136	0.001383	5.346342	264.010209
2460097.608722	0.998043	0.001367	5.271327	266.438780
2460097.609671	1.001660	0.001358	5.154851	261.412137
2460097.610612	0.998734	0.001352	5.176379	263.393018
2460097.611556	1.000374	0.001354	5.179867	261.258040
2460097.612499	1.001224	0.001371	5.292831	261.857922
2460097.613449	0.996697	0.001354	5.197259	265.108949
2460097.614384	1.000229	0.001358	5.201294	266.553791
2460097.615318	1.000107	0.001375	5.364353	262.291556
2460097.616252	0.996888	0.001349	5.149225	258.648103
2460097.617189	1.002444	0.001367	5.259004	258.399689
2460097.618136	0.998228	0.001355	5.222659	259.559254
2460097.619088	1.000083	0.001361	5.234942	258.827664
2460097.620024	0.998770	0.001349	5.120053	255.550245
2460097.620956	1.001396	0.001372	5.324249	256.004947
2460097.621884	0.999795	0.001351	5.196205	255.054719
2460097.622813	0.997750	0.001351	5.224480	253.729169
2460097.623742	1.002842	0.001363	5.239516	255.285077
2460097.624678	1.001093	0.001362	5.270944	258.890657
2460097.625628	1.001415	0.001359	5.261342	258.680930
2460097.626593	0.998138	0.001349	5.106051	255.374118
2460097.627550	0.998971	0.001349	5.148802	256.342028
2460097.628485	1.000265	0.001358	5.230885	255.889236
2460097.629425	1.000783	0.001357	5.187869	255.161331
2460097.630373	0.999563	0.001377	5.306388	253.930512
2460097.631308	0.998488	0.001358	5.209068	254.700683
2460097.632252	0.998178	0.001361	5.241581	253.325055
2460097.633195	1.000485	0.001364	5.259039	252.114871
2460097.634129	0.999721	0.001351	5.183580	249.048400
2460097.635080	1.001466	0.001357	5.175180	245.398979
2460097.636032	0.999973	0.001352	5.185774	241.701379
2460097.636970	1.000085	0.001345	5.131100	239.520994
2460097.637912	1.000356	0.001347	5.167032	239.680366
2460097.638853	1.001807	0.001353	5.199136	238.970384
2460097.639803	1.001286	0.001355	5.201750	239.056196
2460097.640737	1.000356	0.001349	5.185026	238.933737
2460097.641678	1.001947	0.001352	5.174438	237.201450
2460097.642617	1.001360	0.001351	5.180375	235.957901
2460097.643555	0.999427	0.001352	5.246884	234.723611
2460097.644498	0.999957	0.001369	5.335532	234.293039
2460097.645466	1.002914	0.001368	5.324690	231.205864
2460097.646407	1.001021	0.001365	5.306775	225.312767
2460097.647337	1.001872	0.001372	5.394864	226.738620
2460097.648267	1.001105	0.001363	5.336372	230.049366
2460097.649203	0.998796	0.001358	5.236033	232.212773
2460097.650134	1.000192	0.001362	5.232403	233.570023
2460097.651070	1.003099	0.001363	5.211305	232.222390
2460097.652000	0.998993	0.001360	5.223654	231.271535
2460097.652950	0.998783	0.001349	5.114335	232.517237
2460097.653917	1.000214	0.001342	5.057050	232.244400
2460097.654852	0.999003	0.001341	5.053484	225.120665
2460097.655783	1.001185	0.001353	5.145781	218.363134
2460097.656720	0.998862	0.001333	4.996315	213.882120
2460097.657654	1.000094	0.001334	4.976673	211.767255
2460097.658584	0.996941	0.001332	5.000720	209.255581
2460097.659530	1.001560	0.001333	4.995509	208.799293
2460097.660465	0.999096	0.001337	5.074505	210.944134
2460097.661406	0.999556	0.001336	5.045018	211.604937
2460097.662363	1.000360	0.001351	5.187808	214.230168
2460097.663321	0.999730	0.001333	4.979372	214.344289
2460097.664253	1.000784	0.001341	5.060530	213.671667
2460097.665195	0.998105	0.001328	4.937900	212.137151
2460097.666133	1.000859	0.001358	5.200601	210.600794
2460097.667072	0.999187	0.001349	5.107938	210.665922
2460097.668021	0.999206	0.001363	5.253227	210.598937
2460097.668957	1.001904	0.001365	5.262793	210.072894
2460097.669894	0.997395	0.001340	5.045856	210.167159
2460097.670834	0.998326	0.001353	5.158396	210.137906
2460097.671766	0.996895	0.001340	5.035074	209.350274
2460097.672707	1.001020	0.001343	5.047179	206.871993
2460097.673656	0.998770	0.001354	5.161577	208.627236
2460097.674597	0.999505	0.001335	5.024709	208.402808
2460097.675527	0.999749	0.001328	4.901933	207.304831
2460097.676462	0.998743	0.001339	5.082524	205.925459
2460097.677400	1.000798	0.001343	5.077123	204.964870
2460097.678336	1.000773	0.001336	5.014346	203.805046
2460097.679283	0.997861	0.001328	4.929041	204.915395
2460097.680225	1.000094	0.001335	4.988476	200.911353
2460097.681175	1.001445	0.001352	5.157619	200.060500
2460097.682120	0.999537	0.001331	5.028087	197.951972
2460097.683055	1.000419	0.001343	5.113203	196.645008
2460097.683993	1.001662	0.001352	5.160646	192.618653
2460097.684944	1.001520	0.001336	5.046424	188.143761
2460097.685892	1.001951	0.001332	4.971516	183.398329
2460097.686880	0.997614	0.001330	5.034008	180.191580
2460097.687821	0.999662	0.001344	5.150347	173.222984
2460097.688759	1.000294	0.001335	5.103103	172.327776
2460097.689706	0.999950	0.001364	5.291023	170.773334
2460097.690657	1.000819	0.001341	5.114704	165.076619
2460097.691607	1.001170	0.001335	5.092863	158.541732
2460097.692547	0.998769	0.001333	5.045049	157.617479
2460097.693490	0.999775	0.001336	5.108188	156.518971
2460097.694445	1.001246	0.001343	5.145357	154.212801
2460097.695383	1.000158	0.001355	5.247707	150.514190
2460097.696319	0.999617	0.001374	5.376124	147.566177
2460097.697271	1.000155	0.001372	5.374691	143.907630
2460097.698213	1.001356	0.001378	5.386758	137.706503
2460097.699152	0.999204	0.001333	5.068919	134.119468
2460097.700086	1.001204	0.001337	5.078873	132.579751
2460097.701039	0.997526	0.001362	5.302107	130.699049
2460097.701979	0.998872	0.001377	5.265357	128.161973
2460097.702910	0.999257	0.001352	5.216773	127.190730
2460097.703845	1.000437	0.001344	5.187946	127.420900
2460097.704785	1.000364	0.001346	5.153447	127.749774
2460097.705722	0.998494	0.001364	5.310549	126.857425
2460097.706655	0.994918	0.001336	5.075960	127.675137
2460097.707591	0.998673	0.001335	5.065153	129.305980
2460097.708531	1.000289	0.001342	5.125577	132.851255
2460097.709481	0.997557	0.001337	5.072311	137.598042
2460097.710428	0.996442	0.001340	5.100949	143.546194
2460097.711365	0.998349	0.001336	5.068155	150.885374
2460097.712308	0.996444	0.001336	5.005778	166.249602
2460097.713238	0.995776	0.001331	4.969197	174.318464
2460097.714177	0.997207	0.001334	4.966195	190.159444
2460097.715112	0.998304	0.001343	5.026468	211.337979
2460097.716052	0.995883	0.001340	5.001412	238.331820
2460097.716992	0.995203	0.001342	4.971880	271.508005
2460097.717928	0.994759	0.001337	4.926961	320.071678
