#BJD_TDB	rel_flux_T1_n	rel_flux_err_T1_n	AIRMASS
2460097.601891	0.998670	0.010242	1.742721
2460097.602365	1.005816	0.010341	1.737743
2460097.602887	0.992182	0.010310	1.732301
2460097.603387	0.985955	0.010148	1.727120
2460097.603918	1.001545	0.010070	1.721656
2460097.604419	1.013677	0.010243	1.716540
2460097.604941	1.012907	0.010124	1.711253
2460097.605468	0.994205	0.010073	1.705946
2460097.606009	1.018522	0.010137	1.700535
2460097.606509	1.005681	0.010240	1.695569
2460097.607045	0.998229	0.010094	1.690283
2460097.607572	1.005101	0.009930	1.685126
2460097.608046	0.988853	0.009973	1.680527
2460097.608571	1.006172	0.010069	1.675451
2460097.609103	1.001229	0.009800	1.670363
2460097.609579	0.988337	0.009777	1.665826
2460097.610054	0.992885	0.009801	1.661325
2460097.610529	1.024731	0.009858	1.656865
2460097.611059	0.983009	0.009748	1.651913
2460097.611586	0.985254	0.009633	1.647035
2460097.612107	0.991459	0.009555	1.642232
2460097.612641	1.022910	0.009661	1.637351
2460097.613142	1.011743	0.009500	1.632809
2460097.613676	1.001814	0.009525	1.627999
2460097.614214	0.989445	0.009425	1.623179
2460097.614714	0.998650	0.009494	1.618726
2460097.615213	0.988375	0.009476	1.614312
2460097.615735	0.994826	0.009472	1.609733
2460097.616209	0.984463	0.009385	1.605601
2460097.616730	0.991223	0.009331	1.601084
2460097.617759	1.026617	0.009503	1.592249
2460097.618289	1.010455	0.009303	1.587750
2460097.618817	1.004745	0.009285	1.583291
2460097.619353	0.994576	0.009466	1.578804
2460097.619875	0.990323	0.009283	1.574459
2460097.620404	1.000333	0.009194	1.570176
2460097.620938	1.004322	0.009191	1.565810
2460097.621470	0.997100	0.009202	1.561384
2460097.622008	1.007661	0.009227	1.557037
2460097.622544	1.018448	0.009136	1.552734
2460097.623021	1.005531	0.009161	1.548931
2460097.623546	1.000473	0.009218	1.544768
2460097.624079	1.018405	0.009193	1.540571
2460097.624669	0.993090	0.009082	1.535950
2460097.625203	1.003947	0.009077	1.531805
2460097.625677	0.983927	0.009001	1.528228
2460097.626211	0.984482	0.008925	1.524125
2460097.626743	1.007371	0.009071	1.520071
2460097.627219	0.997920	0.008915	1.516465
2460097.627749	1.009892	0.008835	1.512480
2460097.628223	0.998989	0.008820	1.508930
2460097.628698	1.003311	0.008764	1.505399
2460097.629198	0.999555	0.008738	1.501709
2460097.629736	1.002021	0.008711	1.497759
2460097.630262	0.999832	0.008657	1.493923
2460097.630763	1.008244	0.008613	1.490301
2460097.631267	1.001920	0.008606	1.486681
2460097.631742	1.006995	0.008630	1.483279
2460097.632270	0.994254	0.008589	1.479536
2460097.632797	1.007133	0.008614	1.475819
2460097.633328	0.990821	0.008561	1.472092
2460097.633804	1.010193	0.008532	1.468778
2460097.634279	1.005396	0.008519	1.465493
2460097.634754	0.992814	0.008565	1.462226
2460097.635282	1.005168	0.008533	1.458617
2460097.635758	0.995507	0.008470	1.455381
2460097.636286	0.988444	0.008475	1.451818
2460097.636762	1.007594	0.008444	1.448620
2460097.637236	1.006539	0.008431	1.445463
2460097.637737	1.013678	0.008412	1.442140
2460097.638237	0.998505	0.008349	1.438845
2460097.638762	0.996686	0.008311	1.435407
2460097.639283	1.007026	0.008376	1.432014
2460097.639812	0.997790	0.008329	1.428595
2460097.640287	0.991402	0.008261	1.425548
2460097.640761	0.992494	0.008303	1.422523
2460097.641292	0.995430	0.008243	1.419150
2460097.641811	0.999650	0.008242	1.415876
2460097.642340	1.003997	0.008276	1.412566
2460097.642864	1.012361	0.008237	1.409303
2460097.643395	0.986406	0.008207	1.406021
2460097.643871	0.996854	0.008116	1.403097
2460097.644347	1.000668	0.008181	1.400194
2460097.644846	0.990343	0.008148	1.397164
2460097.645383	0.999661	0.008152	1.393922
2460097.645883	1.002120	0.008193	1.390924
2460097.646408	0.993691	0.008190	1.387797
2460097.646934	1.003445	0.008209	1.384683
2460097.647437	0.997058	0.008061	1.381726
2460097.647970	1.002563	0.007982	1.378613
2460097.648507	0.992049	0.008060	1.375498
2460097.648983	1.001541	0.007976	1.372751
2460097.649511	0.997334	0.007948	1.369723
2460097.650037	0.994144	0.008014	1.366727
2460097.650514	0.995331	0.007891	1.364029
2460097.651035	1.005748	0.007900	1.361098
2460097.651537	1.000659	0.007836	1.358286
2460097.652062	1.008940	0.007801	1.355371
2460097.652536	0.996568	0.007764	1.352750
2460097.653059	0.994547	0.007829	1.349879
2460097.653594	0.995862	0.007784	1.346956
2460097.654131	1.008863	0.007785	1.344045
2460097.654669	0.996908	0.007755	1.341142
2460097.655143	0.978643	0.007693	1.338604
2460097.655618	1.009335	0.007702	1.336074
2460097.656093	1.000325	0.007643	1.333561
2460097.656632	1.013328	0.007676	1.330782
2460097.657173	1.004768	0.007591	1.327955
2460097.657708	0.993890	0.007640	1.325172
2460097.658245	1.005131	0.007706	1.322406
2460097.658971	1.003315	0.007662	1.318688
2460097.659508	1.001510	0.007635	1.315964
2460097.659984	1.006445	0.007549	1.313563
2460097.660486	0.992968	0.007540	1.311043
2460097.660962	1.001897	0.007589	1.308666
2460097.661491	1.018418	0.007513	1.306045
2460097.662013	1.006365	0.007490	1.303473
2460097.662490	1.012176	0.007516	1.301141
2460097.663010	0.998675	0.007478	1.298613
2460097.663511	0.988340	0.007476	1.296190
2460097.664043	0.999811	0.007451	1.293637
2460097.664518	1.006229	0.007474	1.291367
2460097.665049	1.007775	0.007515	1.288846
2460097.665547	0.992997	0.007443	1.286496
2460097.666081	0.992600	0.007401	1.283996
2460097.666608	1.001964	0.007468	1.281542
2460097.667144	0.999594	0.007403	1.279065
2460097.667621	0.998427	0.007375	1.276871
2460097.668152	0.989055	0.007388	1.274447
2460097.668677	1.021469	0.007477	1.272063
2460097.669213	1.000510	0.007356	1.269648
2460097.669744	0.997644	0.007270	1.267269
2460097.670273	0.984198	0.007268	1.264915
2460097.670807	1.002842	0.007263	1.262556
2460097.671280	1.020296	0.007273	1.260471
2460097.671806	1.000785	0.007277	1.258176
2460097.672347	0.994410	0.007257	1.255831
2460097.672823	0.996746	0.007282	1.253777
2460097.673298	1.013168	0.007241	1.251736
2460097.673825	1.007754	0.007336	1.249489
2460097.674326	0.990974	0.007209	1.247368
2460097.674856	1.000842	0.007279	1.245140
2460097.675382	1.003065	0.007202	1.242941
2460097.675908	1.004745	0.007240	1.240752
2460097.676383	1.001788	0.007170	1.238792
2460097.676913	0.990231	0.007195	1.236615
2460097.677444	0.988133	0.007167	1.234447
2460097.677966	1.000327	0.007159	1.232332
2460097.678502	0.988136	0.007224	1.230170
2460097.679028	1.010205	0.007089	1.228062
2460097.679505	1.000803	0.007097	1.226167
2460097.680035	0.997425	0.007131	1.224072
2460097.680508	0.991868	0.007083	1.222210
2460097.680983	1.004179	0.007110	1.220353
2460097.681516	1.003213	0.007087	1.218286
2460097.682051	1.006539	0.007059	1.216221
2460097.682575	0.992469	0.007067	1.214255
2460097.683105	0.996694	0.007074	1.212239
2460097.683659	0.995584	0.007037	1.210143
2460097.684166	0.999866	0.007051	1.208241
2460097.684644	0.994297	0.007036	1.206454
2460097.685178	1.007083	0.007025	1.204473
2460097.685747	0.997087	0.006954	1.202377
2460097.686283	1.001407	0.006949	1.200417
2460097.686836	0.989906	0.006898	1.198406
2460097.687336	1.003102	0.006989	1.196601
2460097.687838	0.986978	0.006819	1.194802
2460097.688338	1.002848	0.006947	1.193017
2460097.688812	0.993137	0.006883	1.191338
2460097.689347	0.989030	0.006820	1.189454
2460097.689855	0.992286	0.006833	1.187674
2460097.690358	0.994561	0.006821	1.185926
2460097.690832	1.010239	0.006856	1.184285
2460097.691307	1.014737	0.006891	1.182655
2460097.691782	0.998490	0.006792	1.181035
2460097.692310	1.004846	0.006799	1.179240
2460097.692838	0.994836	0.006743	1.177462
2460097.693312	0.998997	0.006697	1.175871
2460097.693842	1.005664	0.006807	1.174110
2460097.694376	0.986783	0.006704	1.172308
2460097.694852	0.997014	0.006765	1.170778
2460097.695376	1.003561	0.006727	1.169071
2460097.695904	0.992600	0.006715	1.167355
2460097.696405	1.002249	0.006711	1.165743
2460097.696937	0.999728	0.006642	1.164040
2460097.697413	1.002831	0.006699	1.162524
2460097.697940	1.003610	0.006705	1.160857
2460097.698414	1.014473	0.006714	1.159369
2460097.698940	1.006394	0.006660	1.157727
2460097.699415	0.997280	0.006628	1.156254
2460097.699955	0.985458	0.006666	1.154590
2460097.700431	0.996196	0.006597	1.153130
2460097.700968	0.989276	0.006682	1.151497
2460097.701498	0.999536	0.006623	1.149898
2460097.702024	0.997616	0.006626	1.148318
2460097.702546	0.994280	0.006600	1.146764
2460097.703070	0.995637	0.006638	1.145213
2460097.703545	1.008192	0.006645	1.143818
2460097.704065	0.997062	0.006607	1.142299
2460097.704596	0.986193	0.006622	1.140758
2460097.705125	0.997017	0.006610	1.139235
2460097.705601	0.989208	0.006564	1.137870
2460097.706076	1.008583	0.006639	1.136520
2460097.706618	1.006559	0.006602	1.134990
2460097.707092	0.996337	0.006587	1.133660
2460097.707626	0.993379	0.006650	1.132171
2460097.708157	0.985105	0.006627	1.130701
2460097.708632	0.994544	0.006523	1.129397
2460097.709169	0.987102	0.006556	1.127930
2460097.709697	0.993682	0.006503	1.126528
2460097.710233	0.994456	0.006488	1.125085
2460097.710735	0.987126	0.006466	1.123743
2460097.711266	0.998660	0.006535	1.122333
2460097.711794	0.993548	0.006504	1.120938
2460097.712271	0.984523	0.006468	1.119689
2460097.712803	0.984641	0.006460	1.118305
2460097.713332	0.995426	0.006449	1.116941
2460097.713868	0.996186	0.006443	1.115567
2460097.714402	1.004591	0.006446	1.114210
2460097.714878	1.003425	0.006483	1.113007
2460097.715354	1.000425	0.006480	1.111813
2460097.715881	0.996651	0.006425	1.110499
2460097.716405	0.987165	0.006444	1.109202
2460097.716880	0.998511	0.006469	1.108033
2460097.717355	0.995558	0.006477	1.106873
2460097.717886	1.000636	0.006465	1.105584
2460097.718363	0.988579	0.006428	1.104436
2460097.718893	0.995113	0.006450	1.103169
2460097.719426	1.011728	0.006513	1.101901
2460097.719958	0.994034	0.006365	1.100648
2460097.720434	0.984236	0.006355	1.099533
2460097.720936	0.989695	0.006395	1.098367
2460097.721412	1.000221	0.006382	1.097243
2460097.721940	1.000200	0.006367	1.096035
2460097.722476	0.991790	0.006367	1.094817
2460097.723012	0.993906	0.006375	1.093606
2460097.723543	0.990828	0.006456	1.092416
2460097.724019	0.990103	0.006353	1.091383
2460097.724552	0.996203	0.006363	1.090182
2460097.725052	0.993389	0.006357	1.089110
2460097.725579	0.996523	0.006397	1.087965
2460097.726080	0.989390	0.006344	1.086883
2460097.726613	0.998393	0.006343	1.085742
2460097.727090	1.000590	0.006353	1.084729
2460097.727627	1.003148	0.006365	1.083597
2460097.728166	0.996329	0.006341	1.082469
2460097.728684	0.999625	0.006385	1.081392
2460097.729161	0.993393	0.006351	1.080409
2460097.729691	0.994260	0.006335	1.079324
2460097.730218	0.992448	0.006367	1.078232
2460097.730751	1.003561	0.006392	1.077181
2460097.731274	0.989320	0.006333	1.076139
2460097.731774	0.998938	0.006342	1.075146
2460097.732299	0.990876	0.006325	1.074115
2460097.732772	0.996906	0.006388	1.073191
2460097.733307	1.001373	0.006356	1.072155
2460097.733843	0.994831	0.006407	1.071127
2460097.734365	0.995122	0.006382	1.070132
2460097.734841	1.003918	0.006361	1.069233
2460097.735367	0.996123	0.006349	1.068248
2460097.735901	1.000726	0.006270	1.067257
2460097.736429	0.976738	0.006261	1.066283
2460097.736960	1.004721	0.006270	1.065312
2460097.737460	0.994999	0.006305	1.064407
2460097.737990	0.989058	0.006270	1.063452
2460097.738464	0.991354	0.006256	1.062606
2460097.738994	1.008562	0.006248	1.061669
2460097.739468	1.007837	0.006302	1.060836
2460097.740010	0.989010	0.006288	1.059892
2460097.740558	1.003887	0.006262	1.058946
2460097.741107	0.984320	0.006251	1.058006
2460097.741651	0.986663	0.006236	1.057086
2460097.742171	1.000359	0.006259	1.056214
2460097.742702	0.988847	0.006232	1.055331
2460097.743228	0.982989	0.006219	1.054463
2460097.743729	0.981105	0.006213	1.053646
2460097.744230	0.986022	0.006226	1.052834
2460097.744706	0.993877	0.006278	1.052069
2460097.745183	0.988683	0.006211	1.051310
2460097.745707	0.990868	0.006223	1.050483
2460097.746228	0.986065	0.006224	1.049667
2460097.746757	0.991906	0.006247	1.048848
2460097.747295	0.990090	0.006265	1.048021
2460097.747829	0.997329	0.006239	1.047209
2460097.748360	0.988296	0.006278	1.046409
2460097.748835	0.992419	0.006199	1.045701
2460097.749369	0.991721	0.006186	1.044927
2460097.749892	0.988502	0.006183	1.044145
2460097.750420	0.980983	0.006163	1.043395
2460097.750949	0.992504	0.006202	1.042636
2460097.751488	0.999452	0.006311	1.041854
2460097.753611	0.985564	0.006316	1.038911
2460097.754147	0.993398	0.006149	1.038187
2460097.754683	0.993866	0.006126	1.037470
2460097.755215	0.982991	0.006075	1.036767
2460097.755736	1.003978	0.006097	1.036084
2460097.756258	0.992412	0.006184	1.035408
2460097.756787	0.994854	0.006490	1.034730
2460097.757321	0.986573	0.006407	1.034053
2460097.757854	0.988020	0.006157	1.033383
2460097.758393	1.003211	0.006316	1.032715
2460097.758922	0.989294	0.006073	1.032067
2460097.759451	0.994960	0.006075	1.031426
2460097.759952	0.990926	0.006080	1.030825
2460097.760483	0.995404	0.006096	1.030194
2460097.761026	0.996698	0.006100	1.029557
2460097.761555	0.998858	0.006068	1.028944
2460097.762090	0.988443	0.005977	1.028330
2460097.762565	0.987642	0.005977	1.027792
2460097.763092	0.989232	0.005954	1.027201
2460097.763629	0.998864	0.005988	1.026608
2460097.764105	0.991184	0.005939	1.026087
2460097.764580	0.989891	0.005986	1.025574
2460097.765119	0.999702	0.005943	1.024996
2460097.765658	0.995916	0.005922	1.024428
2460097.766194	0.998030	0.005932	1.023869
2460097.766732	0.984844	0.005910	1.023314
2460097.767261	0.993627	0.005897	1.022788
2460097.767787	0.990989	0.005820	1.022249
2460097.768328	0.983752	0.005833	1.021715
2460097.768860	0.988879	0.005834	1.021196
2460097.769335	0.991959	0.005803	1.020749
2460097.769865	0.993405	0.005840	1.020245
2460097.770401	0.992784	0.005908	1.019741
2460097.770935	0.976438	0.005830	1.019247
2460097.771471	0.994545	0.005830	1.018758
2460097.772000	0.990241	0.005835	1.018282
2460097.772528	0.991797	0.005870	1.017815
2460097.773061	0.987002	0.005802	1.017349
2460097.773590	1.002096	0.005815	1.016894
2460097.774064	0.992277	0.005803	1.016491
2460097.774538	0.999099	0.005753	1.016093
2460097.775059	0.997908	0.005775	1.015664
2460097.775560	0.997538	0.005759	1.015257
2460097.776106	0.993716	0.005795	1.014821
2460097.776642	0.989559	0.005782	1.014399
2460097.777185	0.986897	0.005772	1.013978
2460097.777661	0.989481	0.005785	1.013615
2460097.778136	0.995881	0.005788	1.013259
2460097.778669	0.993162	0.005779	1.012866
2460097.779205	0.997762	0.005741	1.012476
2460097.779680	0.993187	0.005762	1.012136
2460097.780222	0.987517	0.005739	1.011756
2460097.780805	0.992441	0.005824	1.011354
2460097.781351	0.991768	0.005696	1.010985
2460097.781896	0.995651	0.005729	1.010623
2460097.782372	0.983367	0.005707	1.010313
2460097.782919	0.982313	0.005670	1.009964
2460097.783393	0.992790	0.005734	1.009667
2460097.783868	0.987541	0.005697	1.009376
2460097.784343	0.982606	0.005674	1.009089
2460097.784863	0.994328	0.005687	1.008781
2460097.785395	0.988906	0.005674	1.008472
2460097.785916	0.987464	0.005696	1.008176
2460097.786459	0.992052	0.005692	1.007874
2460097.787118	0.991042	0.005686	1.007518
2460097.787592	0.991514	0.005655	1.007269
2460097.788129	0.998292	0.005652	1.006991
2460097.788667	0.992201	0.005656	1.006720
2460097.789198	0.990060	0.005672	1.006459
2460097.789739	0.988202	0.005655	1.006199
2460097.790265	1.005383	0.005671	1.005954
2460097.790740	0.999026	0.005650	1.005739
2460097.791275	0.998811	0.005642	1.005502
2460097.791803	0.989009	0.005600	1.005274
2460097.792306	0.976990	0.005568	1.005063
2460097.792781	0.984487	0.005597	1.004869
2460097.793327	0.995357	0.005647	1.004652
2460097.793879	0.985176	0.005692	1.004440
2460097.794432	0.988263	0.005640	1.004236
2460097.794963	0.986283	0.005652	1.004046
2460097.795501	0.990231	0.005655	1.003859
2460097.796050	0.990762	0.005646	1.003677
2460097.796600	0.992761	0.005662	1.003500
2460097.797147	0.998038	0.005673	1.003330
2460097.797690	0.986516	0.005604	1.003169
2460097.798229	0.988800	0.005561	1.003016
2460097.798770	0.991842	0.005597	1.002870
2460097.799313	0.987495	0.005577	1.002729
2460097.799863	0.994103	0.005589	1.002593
2460097.800392	0.997179	0.005778	1.002469
2460097.800942	0.993008	0.005563	1.002346
2460097.801495	1.000487	0.005677	1.002231
2460097.802047	0.985997	0.005580	1.002125
2460097.802576	0.991629	0.005581	1.002027
2460097.803112	0.984618	0.005567	1.001935
2460097.803650	0.985087	0.006329	1.001848
2460097.804207	0.986890	0.005620	1.001765
2460097.804765	0.997073	0.005522	1.001688
2460097.805315	0.989078	0.005538	1.001622
2460097.805862	0.993676	0.005511	1.001561
2460097.806336	0.976007	0.005466	1.001514
2460097.806871	0.985635	0.005510	1.001467
2460097.807426	1.004094	0.005521	1.001426
2460097.807974	0.984403	0.005612	1.001393
2460097.808522	0.997611	0.005671	1.001366
2460097.808995	0.997078	0.005489	1.001348
2460097.809470	0.991627	0.005466	1.001335
2460097.810012	0.995383	0.005522	1.001327
2460097.810555	0.990748	0.005445	1.001325
2460097.811029	0.988025	0.005404	1.001328
2460097.811504	0.981006	0.005394	1.001337
2460097.812044	0.991946	0.005415	1.001354
2460097.812520	0.995437	0.005410	1.001374
2460097.813054	0.997305	0.005405	1.001403
2460097.813600	0.988778	0.005328	1.001440
2460097.814197	0.999253	0.005424	1.001487
2460097.814745	0.985641	0.005381	1.001536
2460097.815295	0.994341	0.005352	1.001595
2460097.815848	0.993955	0.005575	1.001659
2460097.816405	0.989350	0.005354	1.001734
2460097.816963	0.987228	0.005325	1.001812
2460097.817435	0.992140	0.005347	1.001882
2460097.817911	0.982772	0.005320	1.001960
2460097.818455	0.987918	0.005293	1.002055
2460097.819002	1.002158	0.005296	1.002159
2460097.819477	0.996872	0.005353	1.002253
2460097.820025	1.000759	0.005284	1.002370
2460097.820580	0.992043	0.005374	1.002496
2460097.821121	0.987936	0.005290	1.002625
2460097.821598	0.996608	0.005300	1.002745
2460097.822135	0.984819	0.005261	1.002884
2460097.822683	0.996133	0.005306	1.003032
2460097.823183	0.987184	0.005278	1.003175
2460097.823729	0.989914	0.005242	1.003335
2460097.824279	0.990668	0.005292	1.003506
2460097.824834	0.997014	0.005365	1.003683
2460097.825389	0.990736	0.005287	1.003870
2460097.825936	1.000716	0.005530	1.004061
2460097.826493	1.000154	0.005351	1.004259
2460097.826967	0.994182	0.005335	1.004435
2460097.827443	0.986386	0.005372	1.004617
2460097.827917	0.991356	0.005329	1.004803
2460097.828457	0.983457	0.005365	1.005023
2460097.828933	0.990436	0.005375	1.005219
2460097.829484	0.995235	0.005375	1.005454
2460097.830032	0.993720	0.005416	1.005697
2460097.830580	0.988710	0.005388	1.005947
2460097.831130	0.987297	0.005494	1.006205
2460097.831603	0.987879	0.005459	1.006429
2460097.832622	0.990756	0.005533	1.006934
2460097.833097	0.996093	0.005578	1.007178
2460097.833636	0.995109	0.005595	1.007462
2460097.834112	0.990930	0.005621	1.007718
2460097.834663	1.000852	0.005737	1.008020
2460097.835139	0.996371	0.005754	1.008286
2460097.835690	0.988825	0.005783	1.008594
2460097.836236	0.997755	0.005857	1.008913
2460097.836772	1.001055	0.006001	1.009240
2460097.837246	1.002075	0.006009	1.009523
2460097.837799	0.998935	0.005984	1.009869
2460097.838348	0.984679	0.006094	1.010223
2460097.838893	0.989945	0.006145	1.010576
2460097.839439	0.993759	0.006321	1.010936
2460097.839991	0.984772	0.006417	1.011306
2460097.840527	0.982958	0.006503	1.011674
2460097.841063	0.985019	0.006633	1.012049
2460097.841606	0.978446	0.006789	1.012436
2460097.842151	0.997441	0.006919	1.012833
2460097.842625	0.989428	0.007043	1.013182
2460097.843150	0.988503	0.007259	1.013576
2460097.843692	0.983605	0.007474	1.013987
2460097.844167	0.991397	0.007649	1.014347
2460097.844714	0.996234	0.007970	1.014786
2460097.845252	0.980921	0.008132	1.015206
2460097.845784	0.993830	0.008465	1.015648
2460097.846317	0.997870	0.008758	1.016087
2460097.846849	0.991290	0.009207	1.016533
2460097.847390	0.998679	0.009531	1.016992
2460097.847919	0.993655	0.009889	1.017449
2460097.848454	1.005148	0.010422	1.017909
2460097.848997	0.972104	0.010729	1.018393
2460097.849471	0.994924	0.011153	1.018820
2460097.850004	0.977273	0.011595	1.019307
2460097.850549	1.000362	0.012500	1.019812
