274.79345150711015	1.0001345915734725	9.84939350223e-05
274.81388420425355	0.9999347931677306	9.82610940296e-05
274.8343168012798	1.0000317914200494	9.80573754861e-05
274.85474959760904	1.000004749783907	9.78648846304e-05
274.8751821946353	0.999975958008812	9.76857920543e-05
274.89561489084736	1.0000058969758865	9.75268249488e-05
274.9160476871766	1.0001179966729214	9.73877448145e-05
274.93648028280586	1.0000451213137762	9.72570258671e-05
274.9773456742987	0.9998861670470708	9.70441136456e-05
274.9977783700451	1.0001423019412936	9.69736018234e-05
275.03864376060665	0.9999005059997972	9.68569017501e-05
275.0590765555389	0.9999006587154984	9.68242071502e-05
275.07950915023685	1.0002976671956958	9.68228331363e-05
275.09994184505194	0.999936364877856	9.68072347932e-05
275.12037463951856	1.0000174828024622	9.68223275081e-05
275.1408072337508	0.9999415739739445	9.6843153414e-05
275.16123992810026	0.9999886233472094	9.68838937817e-05
275.1816725223325	1.0000094550172975	9.69337797009e-05
275.2021053158678	0.999833545000446	9.69896989695e-05
275.2225380097516	0.9999840646817422	9.70642505162e-05
275.2429707031697	0.9997764340764184	9.71377948383e-05
275.2634033965878	0.9999315845694507	9.7231704155e-05
275.28383609000593	0.9999224767949207	9.7329890908e-05
275.3042687829584	1.0000259871859292	9.74367534954e-05
275.32470137579367	1.0000500656523252	9.75466676128e-05
275.3451341688633	0.9999641953240932	9.76593659582e-05
275.3655668608844	0.999830028066907	9.77702773886e-05
275.3859994537197	0.9999519970892884	9.78946248314e-05
275.406432245858	1.0000255713869797	9.80185556338e-05
275.42686493787915	1.0000154330839537	9.81405325765e-05
275.4472975297831	1.0001161647522996	9.8267485276e-05
275.46773022180423	1.0001194440669057	9.83872837536e-05
275.4881630130112	0.9998832657592044	9.84979488386e-05
275.5085956044495	0.9999043830806696	9.86113989497e-05
275.529028296005	0.9999039342932629	9.87252330892e-05
275.5698937778361	1.0000767884889588	9.89355090409e-05
275.5903263683431	0.999782437597996	9.90168554132e-05
275.6107591590844	1.0000617763042032	9.91168283952e-05
275.63119184970856	0.9997842073278654	9.91816047015e-05
275.65162443974987	0.9999540596354082	9.92587282901e-05
275.69248991971835	1.000017115717689	9.93716050122e-05
275.71292250975966	0.9998778816494792	9.94082426353e-05
275.7333551994525	1.0001090841072815	9.94479263338e-05
275.75378798879683	0.9999611823870306	9.94634688629e-05
275.7742205783725	1.0001740146285745	9.94824044481e-05
275.794653267134	0.9998829758051152	9.94696583018e-05
275.81508595636114	1.0001544572840004	9.9469867006e-05
275.8355187452398	1.0000318731108342	9.94431360016e-05
275.85595133388415	1.0000205448498212	9.94090308724e-05
275.87638402218	1.0000488556309743	9.93692372893e-05
275.89681671047583	0.9999915224922123	9.93133267505e-05
275.9172493987717	0.999967645314293	9.92509965783e-05
275.93768198695034	1.0001797648284698	9.91878352572e-05
275.9581147748977	1.0001157428987195	9.91065954975e-05
275.9785474622622	1.0000676209833026	9.90163467293e-05
275.9989800499752	0.999966783893413	9.89166814954e-05
276.01941273733974	0.999932272634634	9.8812819705e-05
276.0602782117203	1.0000460072079411	9.85979388879e-05
276.08071079850197	0.9999897140494244	9.84799503944e-05
276.10114358505234	1.0000243357170395	9.83626687751e-05
276.1215762719512	1.0000664376939	9.82427896433e-05
276.1420088582672	1.0000365333232346	9.81190861314e-05
276.1624415447004	1.0001370350396657	9.79999391308e-05
276.1828743307851	1.0000520637738035	9.78743320297e-05
276.2033069166355	0.9999939120234932	9.77508413273e-05
276.26460497360677	1.000008135257921	9.74229916998e-05
276.28503765910864	0.9999700318549845	9.73327239793e-05
276.3054703436792	0.999984073888855	9.72373366547e-05
276.3259030287154	0.9999665056499414	9.71498069276e-05
276.3463357137516	1.0000827157907146	9.70739067933e-05
276.40763376746327	1.0000735041150317	9.69010531936e-05
276.42806645156816	1.000115965920251	9.68611749284e-05
276.4484992357902	0.9998771879264154	9.6836508516e-05
276.4689318193123	1.0000601137349552	9.68291019014e-05
276.48936450341716	0.999972471399342	9.68367135835e-05
276.5097970869392	1.0001591052059156	9.68636256214e-05
276.53022987022996	0.999912540044589	9.68874553607e-05
276.5506625534035	1.0000329182832692	9.69406449605e-05
276.5710952365771	1.0001594786760148	9.70058894068e-05
276.59152791975066	0.9999786887721882	9.70741798885e-05
276.6119606019929	0.9999354112770648	9.71627154442e-05
276.6323932847008	1.0001654054760158	9.72761212596e-05
276.65282586729154	0.9999662635903974	9.7388940734e-05
276.67325864965096	1.000015579302001	9.75209384571e-05
276.7141239140183	1.0001367631564697	9.78265172081e-05
276.73455669591203	0.999932161556526	9.7986287636e-05
276.7549893776886	0.9998211459177406	9.81618842224e-05
276.77542195888236	1.0000112299344628	9.8357782349e-05
276.7958546401933	0.999971820533062	9.85541531672e-05
276.8162874216214	0.9998048904061544	9.87525768432e-05
276.83672000234947	1.0000469337714444	9.89760811502e-05
276.8571526836604	1.000013976178856	9.91939255399e-05
276.87758546415716	0.9999283274063931	9.9414620317e-05
276.8980181450024	1.0000253192211015	9.96481175288e-05
276.91845072526485	0.9999154504936892	9.98742241031e-05
276.93888350529596	0.9999871630797464	0.0001001032767483
276.95931618567556	0.9999785068008634	0.0001003435215034
276.9797487654723	0.9998972745648248	0.0001005725538419
277.00018144538626	0.9998253412668217	0.0001008009865802
277.0206141253002	0.9998264655510672	0.0001010303578745
277.0410468047485	0.9999682694806302	0.0001012594185615
277.06147948419675	0.9998051046935796	0.0001014738621256
277.08191216317937	1.0001087235041877	0.0001016979825733
277.1227775211446	0.9998440107843783	0.0001020896825883
277.14321010001004	0.9998309539647968	0.0001022808467999
277.16364287864417	1.0002622944054005	0.0001024793962041
277.1840755571611	1.0001372589136726	0.0001026428281781
277.20450813509524	0.9999623459585244	0.0001027924984334
277.2249409132637	0.9999009258793088	0.0001029359156988
277.2658061692491	1.0000939464380725	0.0001031979346335
277.28623884683475	0.9993180337901654	0.0001032531149304
277.3066716240719	0.9963757158750488	0.0001031815142661
277.3475368786603	0.993871467887605	0.0001031562965264
277.36796965589747	0.9932786756542256	0.0001031758583188
277.38840223290026	0.9929953004199495	0.0001031966929525
277.40883490955457	0.9928075969538952	0.0001032065571247
277.42926768632606	0.9927782299158284	0.000103210765301
277.4497003625147	0.9923910171959864	0.0001031792349567
277.47013293905184	0.9924552099649996	0.0001031562563909
277.4905656147748	0.9924721874221208	0.0001031193174998
277.510998390615	0.9924391851980648	0.0001030637631656
277.53143096668646	0.992542655266624	0.0001030034441776
277.55186364240944	0.9924405122742346	0.0001029178674898
277.5722964182496	0.992717825888788	0.0001028385767082
277.59272899338976	0.9928236846364984	0.0001027401674118
277.6131616686471	0.9928888118469166	0.0001026267019938
277.63359434343874	0.9933275131750964	0.0001025201427921
277.65402701869607	0.9935948168563546	0.0001023960591682
277.67445969348773	0.9942606360544064	0.0001023040236442
277.69489236781374	0.9951826228063896	0.0001021916968821
277.71532504213974	0.9980169593075698	0.0001021793863872
277.75619039079174	1.000138611464581	0.0001019514864197
277.77662316476926	1.0001241785025303	0.0001017657856665
277.7970557385124	1.0002490173899454	0.0001015807030884
277.81748841237277	0.9999837898559798	0.0001013754936285
277.83792098611593	1.0000845077884004	0.0001011812167708
277.8583537596278	1.0002559295482492	0.0001009918054427
277.8787864325568	1.000131595760579	0.0001007854800672
277.8992191059515	0.9999786923668516	0.0001005794461665
277.9196517788805	0.999975062042698	0.0001003772030201
277.9605171242729	0.9999340368910976	9.99777962592e-05
277.98094969661906	0.9999348527071584	9.97815574389e-05
278.0013824691996	1.0002843259950325	9.96043074171e-05
278.0218151411973	1.0001575352980487	9.94100611478e-05
278.0422477135435	1.000070939166155	9.92220073631e-05
278.0626804851927	0.999963746453496	9.90383407218e-05
278.0831130570732	0.9999025173073374	9.88609912111e-05
278.10354572860524	1.000009411688185	9.86981162326e-05
278.1239784001373	1.0001560388826611	9.85412912247e-05
278.14441107120365	1.0000153171504185	9.83820139721e-05
278.1648437427357	1.0001365445917778	9.82374361221e-05
278.1852764133364	0.9999767941332758	9.80908151502e-05
278.20570908440277	1.0002105472084062	9.79659604465e-05
278.2261417550035	0.9999965172175695	9.78330406659e-05
278.2465744256042	0.9999425655978272	9.77121428944e-05
278.2670071958564	1.0001275076627492	9.76091277798e-05
278.28743976633996	0.9999932156694658	9.7502352197e-05
278.307872436475	1.0000424468237803	9.74095975542e-05
278.3283050064929	0.9999696675954262	9.73197259213e-05
278.34873777627945	0.999863901975944	9.72366517674e-05
278.36917044594884	0.9999735338842892	9.71692144121e-05
278.38960301550105	1.0000479147417818	9.71086150098e-05
278.41003578482196	0.9999246386467836	9.70447736452e-05
278.4304684540257	1.0000591990994412	9.6999754295e-05
278.47133369231597	0.9999653366193022	9.69128229275e-05
278.4917664611712	0.9999259583864812	9.68778100103e-05
278.5121991294436	1.0002130290213676	9.68622575171e-05
278.5530644664541	0.9999518490469016	9.68134647506e-05
278.5939297028817	0.9999491384761332	9.67907645663e-05
278.61436237068847	0.9998499523771608	9.67565579212e-05
278.6347951386124	1.0000006630267275	9.67709817511e-05
278.6552277058363	1.000008600998766	9.6760407188e-05
278.67566037364304	1.0000128028835809	9.67625903756e-05
278.69609314063564	1.0000525369452602	9.67693176564e-05
278.71652570785955	1.000137892099476	9.6805633053e-05
278.73695837520063	0.9999725586370196	9.67821220514e-05
278.7573911421932	0.999985843941749	9.67918281878e-05
278.777823808603	0.9999492323711724	9.68027109633e-05
278.818689041771	0.9998482372981264	9.68218586322e-05
278.83912180829793	0.9999572133551446	9.68268402098e-05
278.85955437412485	0.9998299046783	9.68350374091e-05
278.8799870405346	0.9999151301218084	9.68603160629e-05
278.90041980613023	0.999816149677328	9.68683570567e-05
278.92085237195715	0.999824745003373	9.68588123411e-05
278.9412850374356	0.999898008308075	9.68831338577e-05
278.96171770291403	1.0000062961227496	9.69076072313e-05
278.98215036839247	1.000011904883495	9.69169078614e-05
279.00258303340524	0.9999526587744754	9.69035318182e-05
279.023015698418	0.9999251993372772	9.69073932656e-05
279.0434483634308	0.9998914646066814	9.69132385241e-05
279.0638810279779	0.999906461977674	9.69206893596e-05
279.08431369252503	0.9999770370479324	9.69283995887e-05
279.10474625695497	1.000105007952513	9.69589529027e-05
279.1251790211536	1.0000052019358092	9.69379659991e-05
279.14561168523505	1.0000357628181964	9.69412116361e-05
279.16604424919933	1.000041762399963	9.6943689431e-05
279.18647701339796	1.0000334858944662	9.69473404842e-05
279.2069095768966	1.0000172493967214	9.69454943767e-05
279.22734224051237	1.0001477394239942	9.694971798e-05
279.2477750037797	1.0000176464015098	9.69466474392e-05
279.2682075672783	1.0000330062197569	9.69459139243e-05
279.2886402304284	0.9998419815069588	9.69387936265e-05
279.30907289357856	1.0000499841583013	9.69446491441e-05
279.3295056563802	0.9999491976437755	9.69401725851e-05
279.37037088163197	1.000093647407877	9.69431228087e-05
279.39080364396796	1.0000458641451273	9.69402831865e-05
279.4112362060696	0.9999566360612514	9.69355271687e-05
279.4316688682884	1.0000594451852631	9.69373808209e-05
279.4929668540135	1.0001070400579053	9.69392619008e-05
279.513399515301	0.9998854749407016	9.69323298849e-05
279.53383217705414	1.0001001797358562	9.69405166783e-05
279.5542648383416	1.0000399090564538	9.69415125389e-05
279.5746974996291	0.999902326703474	9.69382193955e-05
279.59513016045094	0.9999412874482614	9.6943892829e-05
279.61556282127276	0.999967804485854	9.69492498271e-05
279.6359954820946	0.9999123493859025	9.69533932856e-05
279.65642804279923	1.000129362813038	9.69665264676e-05
279.6768608032726	1.000055937259612	9.697144541e-05
279.69729346362874	1.0000404026595953	9.69784191719e-05
279.71772602340207	0.9999658429444712	9.69868078166e-05
279.7381587838754	0.999948596317371	9.69996062353e-05
279.75859144330025	0.9999065125810028	9.70084266825e-05
279.77902410319075	0.9999988747320684	9.70277241103e-05
279.7994566629641	0.999930696317431	9.70424833873e-05
279.8198894225061	1.0001084513368743	9.70681629163e-05
279.8403220814653	0.9999324959543012	9.70832225864e-05
279.86075464077294	1.000015040917502	9.7110643522e-05
279.8811873998493	0.999912555603018	9.71344164102e-05
279.9016200588085	1.0002646735721363	9.71756020052e-05
279.9220526176505	1.00020377855558	9.72064794248e-05
279.942485276144	0.99977467329156	9.72260375789e-05
279.9629180347547	1.0000347185219125	9.72768230676e-05
279.98335059313104	0.9998886286070596	9.73138371939e-05
280.0037832511589	0.999853004690392	9.73605940615e-05
280.0242160093039	1.0001733982753862	9.74254316923e-05
280.0446485672146	1.0000303762942186	9.74765727561e-05
280.06508122524247	1.0000908541204483	9.75395001602e-05
280.08551398292184	0.9999760175818292	9.76040483552e-05
280.1059466400184	1.0000954021363917	9.76796693261e-05
280.1263791974634	0.9997915639649386	9.77453491883e-05
280.1468118550256	0.9999974826198348	9.78386349461e-05
280.1672445121221	0.9998355206658784	9.79231714612e-05
280.187677168753	1.0000427072429958	9.80284433704e-05
280.20810982584953	1.0000136201640246	9.81322803225e-05
280.2285424824804	1.0000953525280398	9.82468145843e-05
435.6842531580478	1.0000884708809357	0.0001083892089887
435.70468745986	1.0001037845858076	0.0001069919639446
435.72512186225504	1.0000807347338334	0.0001080813365401
435.7455560648814	1.0000540860356877	0.0001049015615699
435.7659903676249	1.0001213831043754	0.0001025462996557
435.78642477095127	1.0000295457731776	9.74686013867e-05
435.8068589740433	1.0000026346590287	9.68697552753e-05
435.8272932777181	0.999771134394636	9.77599493803e-05
435.84772768151015	0.9999114101871928	9.67617183994e-05
435.868161985185	1.0002244451229418	9.75356802863e-05
435.888596189674	0.9998478656818356	9.64397817367e-05
435.90903049428016	0.9997820098340604	9.85991294274e-05
435.9294648990035	1.000035183950741	9.74071974086e-05
435.94989910395816	0.9999693961614622	9.77805074811e-05
435.97033340903	1.0000422327790233	9.84086475627e-05
435.9907677145675	0.9999942913055196	9.89284147898e-05
436.0316363261081	1.0000230356544475	0.0001006337822114
436.05207063257694	0.9998222459468588	9.93116233452e-05
436.07250493904576	1.0000765284578952	9.93833403709e-05
436.0929391453974	0.9999596076877092	9.98780266209e-05
436.11337355244905	0.9998826699049838	0.0001003517592605
436.15424216678366	0.999962742521196	9.6719234167e-05
436.19511078251526	0.9999863738434344	0.0001018700397648
436.54249405348673	0.9999629318381966	9.65661442896e-05
436.5629283655435	1.0000914500070437	9.73752368235e-05
436.5833626780659	0.9999731019477772	9.99907429845e-05
436.6037969905883	1.0000748549254612	0.0001005186885719
436.62423140369356	0.9999486512514172	0.0001000827407946
436.64466561656445	0.9999724173996404	9.83376476389e-05
436.6855343435891	0.9999601654944306	0.0001020444112057
436.705968557857	0.9997552806441524	9.8026822582e-05
436.7264028717764	1.0000974357693342	9.91613932155e-05
436.74683718616143	1.0000143321172614	9.92911649392e-05
436.7672715005465	0.999976269863412	9.83716037649e-05
436.7877058153972	1.000082292555872	9.67255153811e-05
436.8081400305964	1.0000680622416156	9.68138382141e-05
436.82857444602996	0.9999366362069976	9.63948266702e-05
436.84900876134634	0.9999777474119736	9.79656434948e-05
436.86944297747687	0.99990667680571	9.9647679849e-05
436.8898773933761	0.999924675467361	9.89398565774e-05
436.9103117096238	1.000009169233818	0.0001002020138691
436.9307459257543	1.0001213520782373	9.72468774612e-05
436.95118034258485	1.000065220991766	9.69469846954e-05
436.9920488768257	1.0000373595894834	9.74396216723e-05
437.0124832945876	0.9999562553316864	9.63743518362e-05
437.0329176117666	1.0000229874652722	9.73582529563e-05
437.0533518297598	1.000243984086116	9.66637227832e-05
437.0737862479873	0.9999494015727954	9.64996215617e-05
437.0942205665633	0.9999571516925696	9.61034571077e-05
437.1146548851393	0.9999906967024008	9.70509508007e-05
437.135089204181	1.0001379369523962	9.74044712705e-05
437.15552352322266	0.9998097940017454	9.77611766285e-05
437.17595784273	1.0001499731850323	9.67095793387e-05
437.19639206212014	1.0002271707215549	9.64870458411e-05
437.21682648174465	0.9999728860826986	9.72314239909e-05
437.23726080171764	0.9999706597353348	9.63983929483e-05
437.2576950220391	0.9999848694998268	9.70047633457e-05
437.27812944259495	1.0001358945997465	9.63081385615e-05
437.29856376349926	0.999915180562854	9.62957259903e-05
437.3189979842864	1.0000800934106004	9.60540956253e-05
437.3598667271435	0.9999650918535457	9.6216235537e-05
437.380300948862	1.0000823689647955	9.654842355e-05
437.4007353708148	0.9999195410649622	9.61068021418e-05
437.4211696931161	0.9998610147507287	9.60262502734e-05
437.4416040154174	0.9999246622721994	9.60015370871e-05
437.46203833818436	1.000058187034318	9.67067991554e-05
437.4824726609513	1.0000212945723792	9.59831566287e-05
437.50290698418394	0.9999637478056076	9.63102850912e-05
437.52334130741656	0.999834570337226	9.64597144263e-05
437.5642099548131	0.999962648313114	9.60176386321e-05
437.58464427897707	0.999973619201856	9.61263386434e-05
437.605078603141	0.9999480715798594	9.60461355282e-05
437.64594715228304	1.000084776674198	9.65078844231e-05
437.6663815774955	0.9999346104842662	9.61119567185e-05
437.6868158024736	1.0001245715891025	9.61542039134e-05
437.7072501280345	0.9999380614653002	9.64727556026e-05
437.7276845537126	0.9998060795198238	9.61545343189e-05
437.748118779622	1.0000576634188447	9.6173753135e-05
437.7685531056486	1.0000298162818655	9.61759846911e-05
437.78898753225803	1.0000289699286102	9.7155420238e-05
437.8094218587503	1.000254670409296	9.61774416317e-05
437.829856085591	0.9999073384658372	9.70274124336e-05
437.8502905126661	0.9998716859377148	9.66565449665e-05
437.8707248400897	0.999905794342722	9.61203446662e-05
437.89115906786174	0.9999822565523396	9.80245709202e-05
437.9115934954025	1.0001304417644543	9.69920820076e-05
437.9320278232917	1.000051723799226	9.83560397871e-05
437.9524620519951	0.9999967542154268	9.75978321387e-05
437.97289648046717	0.9999378159484392	9.71599588693e-05
437.99333080882207	1.000084071098415	9.61894796441e-05
438.0137650379911	1.0000451523142102	9.60184607482e-05
438.0341993672773	0.9999179874548748	0.0001003350349055
438.0546337966807	1.000022186759511	9.72573040968e-05
438.0750680263154	1.0000164437987054	9.66948224053e-05
438.0955023560673	1.000031413802254	9.71765922218e-05
438.1568053471856	1.0000064025570776	0.0001014984371719
438.17723977798596	0.9981020396501628	0.0001051028679474
438.1976741091348	0.9950505875578296	0.0001084660029034
438.2181083401665	0.9941725460307202	0.0001066201370275
438.2385427718982	0.9936886341572456	0.0001053462893754
438.25897710351273	0.9931802882511096	0.0001008945417919
438.27941133547574	0.9930739368040492	9.7974548193e-05
438.2998457676731	0.9928656618489392	9.70604235516e-05
438.32028010021895	0.9926283352999214	0.0001070385559824
438.3407143326476	0.992435318973144	0.0001128795283105
438.3611487657763	0.9922706877585488	0.0001095434717536
438.3815830987878	0.9924202240866484	0.0001064913540734
438.4020173321478	0.9923878574887268	0.0001110120305156
438.42245176574215	0.9923069405951288	0.0001089157138577
438.442886099685	0.9924109086228726	9.95978348767e-05
438.46332033351064	0.9925733770386316	0.0001036788598742
438.48375466791913	0.992832660224502	0.0001069786152008
438.5041890023276	0.9930948068709248	9.97043425022e-05
438.5246233372018	0.9932817117032476	0.0001006264318705
438.5450576720759	0.9936274268150398	0.0001049778444682
438.56549210706726	0.9944838456869436	0.000106480457094
438.58592634275556	0.9961158683329464	0.000106649522211
438.6267951144837	1.00001349145064	0.0001011622594213
438.6676636869088	1.00004599851465	0.0001046153057034
438.6880981232971	1.0001097235364504	9.97975448137e-05
438.7085323599167	0.9999189787989972	9.94391055809e-05
438.7289666971192	1.0000770032961288	9.93764251687e-05
438.7494011344388	0.9999660030674916	9.68356694943e-05
438.76983537198976	1.0000997757916077	9.73761156913e-05
438.8107041474432	0.9999456267702208	9.67242250055e-05
438.83113848557696	0.9999395147223114	9.71617171244e-05
438.8515727240592	1.0000312848707504	9.67897892947e-05
438.87200716277584	0.9999982398426992	9.70754744001e-05
438.89244150184095	1.0001110547968812	9.63258378576e-05
438.9128757407889	0.9998978900702464	9.75020407305e-05
438.933310079854	1.0001536190380755	9.60509528997e-05
438.9537445195019	0.999971721812142	9.66534102124e-05
438.9741787593812	1.0000422955280723	9.91147040915e-05
439.0150475394912	0.9999513966348056	9.78438523188e-05
439.0354817798361	1.000059381058878	9.94326789544e-05
439.05591612076387	1.0001122646695215	0.0001001586274803
439.0763505618088	1.0000082357152926	0.0001016454145189
439.09678480261937	0.9997963609225295	0.0001011050452208
439.1172191440128	0.99972271657347	0.0001027492088608
439.137653585989	0.9999328000369034	0.0001034887232888
439.15808792738244	0.9999348887162474	9.66830451036e-05
439.17852216959	1.000123271853677	9.7326206926e-05
439.1989566120319	1.0001456619138989	9.79632676009e-05
439.21939085423946	0.9999605586942576	0.000101524741032
439.23982519702986	0.9999178555838948	9.9016324217e-05
439.444168637041	1.0000198439883996	0.0001026491916149
439.4646029821597	0.9999988379349838	0.0001008334695237
439.48503732774407	0.9999775747208371	0.0001018707112455
439.50547167332843	0.999864526806732	0.0001001765339419
439.52590611902997	1.0000612246200662	9.98883572061e-05
439.5463403649628	1.0000427277936326	0.0001008561085994
439.5667747114785	0.9998840400731224	9.88020240885e-05
439.58720915811136	0.9999568101067612	9.68536785039e-05
439.60764340497553	1.0002329514623665	9.79307606286e-05
439.6280777519569	0.9999673067678498	9.97447272888e-05
439.6485121990554	1.0001245858287626	9.79997815771e-05
439.66894644638523	1.000000912806667	9.78256143638e-05
439.6893807942979	0.9998516102842748	9.72879916344e-05
439.70981524232775	0.9999109370030896	9.79271333111e-05
439.7302494905889	1.0001016567394765	9.73957746704e-05
439.7506838385016	1.000015378311207	9.69448508731e-05
439.77111818734556	1.0001879111941347	9.64604534351e-05
439.79155253618956	1.0000422129637492	9.7055395423e-05
439.81198688503355	0.9999739740459996	9.6678738565e-05
439.8324212343432	0.9999322969047528	9.62433930949e-05
439.85285568377003	1.000140839978743	9.6549388026e-05
439.87328993342817	0.999914586021886	9.67187818363e-05
439.89372428366914	0.99986913089578	9.60737866165e-05
439.91415873356164	1.000198300040575	9.62788007629e-05
439.9345929841511	1.0000138168228805	9.60821234663e-05
439.95502733485773	1.00000619106675	9.6071262858e-05
439.97546168556437	0.9999357599476608	9.60294210114e-05
439.99589603673667	0.9999315783155338	9.60566735903e-05
440.01633038790897	1.0000528064687368	9.62140761837e-05
440.0367647395469	1.0000813767168395	9.61885047806e-05
440.07763344282284	0.999982951296225	9.6236149178e-05
440.09806779492646	0.9999623326346304	9.6538353415e-05
440.11850214749575	1.000026972037221	9.67025488006e-05
440.13893650006503	0.99996164803374	9.68792263694e-05
440.1593708531	1.0000286779260552	9.70784129608e-05
440.1798052061349	0.999897659942639	9.72832907927e-05
440.20023955916986	0.9999166861406544	9.71003574367e-05
440.2206738125533	0.9999725728706816	9.7523125053e-05
440.261542620603	1.0000073329669776	9.83151137356e-05
440.2819768744521	0.9999912569003498	9.85404795287e-05
440.3024113290012	0.999931729684	9.86336857035e-05
440.3228456834331	1.000095001940291	9.95333963991e-05
440.3432799382135	0.9999734157400196	9.90162133197e-05
440.3637143932283	1.000032329643064	9.91765543558e-05
440.38414874859154	0.9998325255524778	9.92966637463e-05
440.4250174597837	1.000086588066485	9.73884252284e-05
440.4454518156126	0.9998864406951956	9.63559681027e-05
440.4658861719072	0.9998788858189596	9.90970225274e-05
440.48632052820176	1.00000915223275	9.8084781489e-05
440.506754884962	0.999818371460308	9.72984948785e-05
440.5271892417222	1.0001178150608283	9.92386893983e-05
440.54762369859964	0.9999869805541376	9.68203411436e-05
440.56805795570835	0.9999516075187193	9.88325061433e-05
440.5884923133999	0.9999961896436802	9.77105710388e-05
440.60892677120864	1.0000388262336428	9.78639148484e-05
440.6293610292487	0.9998664045597838	9.60794033908e-05
440.64979538694024	1.0000590492222263	9.61759461613e-05
440.67022964544594	0.9999153630154448	9.75494755465e-05
440.690664104186	1.0000555126682775	9.72636446104e-05
440.7110984628089	1.000059976822849	9.69825398354e-05
440.7315328218974	0.9999694575882662	9.786467903e-05
440.75196718098596	0.999945447742288	9.71856506807e-05
440.77240154054016	1.0000811207091689	9.98644308278e-05
440.79283590009436	0.9999294474946292	9.62864125311e-05
440.8132702601142	1.000006734975203	9.72072295631e-05
440.85413888050243	0.999975440497074	9.66934984956e-05
440.87457334110513	1.0000476851267468	9.73481736832e-05
440.89500770159066	1.0001036718598453	9.98676088926e-05
440.9154419628903	1.0001741826253363	9.92780658583e-05
440.9358764239587	1.0000514888610736	9.74211653685e-05
440.97674504714087	1.0000859714955377	9.87275857933e-05
440.9971795086749	1.0000477940395744	9.74011148454e-05
441.01761387102306	1.0001490878426564	9.62360865745e-05
441.03804813325405	0.9998944497931704	9.92326597609e-05
441.0584825957194	1.0000730452161624	0.0001017931256953
441.0789169585332	1.0000213373688247	9.87711009536e-05
441.09935132134706	0.99982252068234	9.780883763e-05
757.4513391153887	1.0000388788578674	0.0001099710655576
757.4717725212686	0.999889556311585	0.0001059933204756
757.4922061273828	0.9999481026999724	0.0001029145123272
757.5126396333799	1.0000057423122857	0.0001006117924618
757.5330730401911	0.9999464451910304	9.89627545448e-05
757.5535066472366	1.0000026773580128	9.6954790246e-05
757.5739401546307	0.999975512025022	9.7196376097e-05
757.5943735623732	1.0001161810660628	9.70162938447e-05
757.6148071708158	1.0000842597505837	9.70842724375e-05
757.6352406791411	0.9999865215206114	9.75057166715e-05
757.6556740882806	1.0001162161293582	9.80375575853e-05
757.6761076971889	1.0000257577616862	9.86044194642e-05
757.6965412069112	0.9999217104033534	9.91711767268e-05
757.7169748167507	1.0002710195101363	9.9724661329e-05
757.7374082272872	1.0001825475012176	0.0001002016002254
757.7578417379409	1.0000261570931106	0.0001006013796911
757.7782753491774	0.9999468329376562	9.88517959233e-05
757.7987087606452	0.9998406794745682	0.0001011463477278
757.8191422722302	0.9999307543236732	0.0001012918528892
757.8395758848637	0.9999837172594728	9.74509992556e-05
757.86000939738	1.0000323117829462	9.82699914346e-05
757.880442910362	0.9999677683374588	9.95326226006e-05
757.9008764238097	1.0000548927385375	9.90151705559e-05
757.9213099372573	0.999905822000404	0.0001008002447198
757.9417434511706	0.999823655410146	0.0001005154635053
757.9621769655496	0.999922840072648	0.0001002006787704
757.9826104803942	0.9999203122216622	9.98546918675e-05
758.0234775110148	0.9999698860426424	9.91264753984e-05
758.0439110272564	0.9999516611321796	9.87602657068e-05
758.064344543498	0.9998694350968084	9.84036132025e-05
758.0847780602053	0.9999269208821626	9.8075225961e-05
758.1052116770297	0.9999566513066436	9.77717817836e-05
758.1256450940855	0.9998416216718848	9.74961767946e-05
758.1460786121897	1.000090942423254	9.72743501566e-05
758.1869456483983	0.9998704859855584	9.69308665922e-05
758.2073791674338	1.00001156919203	9.68677260148e-05
758.2278127865866	1.0000946741073893	9.68250069788e-05
758.2482462059706	1.00001394728187	9.68101378915e-05
758.2686798260547	0.9999956297810824	9.68338857737e-05
758.2891133460216	0.9999135342140594	9.6896259574e-05
758.3095467668027	1.0000808122861955	9.70219255348e-05
758.3299803878181	0.9999101937730964	9.71666601164e-05
758.3504139096476	1.0001009202541753	9.73561913072e-05
758.3708474310115	1.0002047583486788	9.75664379024e-05
758.3912809533067	0.9999950903093529	9.77813908974e-05
758.4117144756019	1.000201707053983	9.80277478331e-05
758.4321479988284	0.999841878666723	9.8257450999e-05
758.4525815215893	0.9998360571435816	9.8504099438e-05
758.4730150452815	0.9999516533607852	9.87532025539e-05
758.4934486690909	0.9998899429963994	9.74551826464e-05
758.5138820935972	1.0000477379987447	9.92463364428e-05
758.5343156182207	1.00006022326063	9.94531823704e-05
758.5547492434271	1.0000116943593382	9.96357598933e-05
758.5751827689819	1.0001080096574395	9.98008671604e-05
758.5956161944196	1.0000437056153737	9.88312931133e-05
758.6160498210229	0.9999345961755064	9.73789947378e-05
758.636483347509	1.0001121790751242	9.82826445549e-05
758.6569168744609	0.9999768280402764	0.0001001443477312
758.6773504014127	1.000091410162788	0.0001001579841931
758.6977839292958	1.0000703754385758	0.0001001320577065
758.718217457179	0.9998972882032732	0.0001000677668774
758.7386509855278	0.99985870511122	9.77803480409e-05
758.7590844142251	1.000258252961053	9.98824489983e-05
758.7795180436224	0.9999093594034816	9.97260268103e-05
758.7999515729025	1.000037679273417	9.95680963015e-05
758.8203850029968	1.000087801227877	9.93864157179e-05
758.8408186328597	1.0001287327762638	9.91866551122e-05
758.8612521635368	0.9999238943498476	9.89639544676e-05
758.8816857943311	1.0001109680665006	9.87489826607e-05
758.9021192258224	0.9998667098940328	9.85112034713e-05
758.9225527574308	0.9999738222482412	9.82881368958e-05
758.9429863896221	1.0000723032041725	9.80681391355e-05
758.9634198220447	0.999906271234418	9.78455958221e-05
758.9838533545844	1.000081320071626	9.76490155224e-05
759.004286987707	1.0000654716216948	9.74610801518e-05
759.0247204215266	1.0000691445145355	9.72917507565e-05
759.0451539549977	0.9999613758551056	9.71405022251e-05
759.0655875895172	1.0000731406195371	9.70229743312e-05
759.0860211239196	1.000098819244833	9.69286881996e-05
759.1064546592534	1.0001569306459277	9.68620760991e-05
759.1268881945871	1.0000360335335057	9.68264219685e-05
759.1473217299208	0.9999503456361148	9.68186143075e-05
759.1677552661858	1.0000867792724546	9.68546700614e-05
759.1881888029166	0.99998954674523	9.68950372916e-05
759.2086223396473	0.999943918338535	9.69526526557e-05
759.2290559764951	0.9998091317501008	9.70204882102e-05
759.24948941404	0.999901573989438	9.71307259871e-05
759.2699230522849	0.9999358971237108	9.72576338127e-05
759.290356490761	1.0000496341757688	9.73995581753e-05
759.3107900288887	0.9999618704974732	9.74101484598e-05
759.3312236680649	0.9999568560206248	9.68133405673e-05
759.3516571074724	0.9999588519705048	9.69104719702e-05
759.3720906474628	1.0000451170018052	9.72087174542e-05
759.3925242875703	1.0000482769536496	9.757097043e-05
759.4129577279091	0.9998654152745824	9.7679784193e-05
759.4333912688307	0.9999225012688596	9.69295006083e-05
759.4538249098696	1.0000743014317786	9.70565180967e-05
759.4742583516054	0.9998344239272068	9.80303971815e-05
759.4946919935755	1.0000410972797833	9.8447437739e-05
759.5151255358942	1.00018265571647	9.76751724958e-05
759.5355589785613	1.000063904404796	9.70436424906e-05
759.5559926219285	0.999913841156949	9.8328705114e-05
759.5764261651784	0.9999757548235166	9.82378747417e-05
759.596859708894	0.9998139942720264	9.81133439272e-05
759.6172932530753	0.999933396961942	9.79793359068e-05
759.6377267977223	1.0001023905201427	9.78289991468e-05
759.6581604424864	1.0000270399502522	9.76574097312e-05
759.6785938879475	0.9999615181940004	9.74812507934e-05
759.6990274335258	1.000141418445557	9.73176415451e-05
759.7194610792212	0.999944789409066	9.71513727921e-05
759.7398946257308	0.9999958176784196	9.68437563682e-05
759.7603280725889	1.0000297785541268	9.6906084944e-05
759.7807617196813	1.0000102735914984	9.68447253335e-05
759.8011952671222	1.000024124056452	9.68522507883e-05
759.8216287149116	1.0000934549923612	9.68833731302e-05
759.8624959117733	0.9999110633637092	9.68855176283e-05
759.8829295607284	0.9999334811575876	9.69475876886e-05
759.9033630099148	0.999952104698181	9.73346823394e-05
759.9442301094532	0.9981005765696151	9.92492137213e-05
759.9646636601537	0.9951285326381876	9.98430755434e-05
759.9850971107371	0.9940813844047792	0.0001006161672147
760.0055307620205	0.9935093089441668	9.9465509219e-05
760.0259643136524	0.9930083359694544	9.72728568808e-05
760.0463979654014	0.992829504485132	9.76306665308e-05
760.0668314178474	0.9925325152118902	0.0001045817688644
760.0872649704106	0.9925271326813816	0.0001057175236196
760.1076986235566	0.9925800237494274	9.94125865138e-05
760.128132076934	0.9923692362967778	0.0001028076150132
760.1485656304285	0.9924183137028773	0.0001009064555329
760.1689992845058	0.9923900346237324	9.66355863502e-05
760.1894327388145	0.9923896577885348	9.85470876661e-05
760.209866293706	0.9925338589766975	9.66690609483e-05
760.2302999487147	0.9927292687229914	9.66923129242e-05
760.2507335045375	0.9926841984281604	9.91369468677e-05
760.2711670603603	0.9932209388137148	9.92978077165e-05
760.2916006166488	0.9933114301889798	0.0001108366982973
760.3120341734029	0.9937252902711876	0.0001143773304456
760.3324677306227	0.994447007658892	0.0001142909640093
760.373334845528	0.999211726293946	0.0001136678763391
760.3937685037963	1.0001497438468192	0.0001078657327773
760.4142019622959	1.0000701780238317	0.000110077581508
760.4346356210299	0.9999121273563026	0.0001050544805676
760.455069180578	1.0000679261501113	9.71262410804e-05
760.4755026400089	1.000215358835128	9.82238828363e-05
760.4959362996742	0.99997708870085	0.000105495008278
760.5163698601536	0.9999594191649072	0.0001042980968998
760.5368033209816	0.9999623571466894	0.0001026000193858
760.5572369820438	1.0000063504751373	0.0001009885814259
760.5776705434546	0.9999003660437064	9.72858696783e-05
760.5981040052138	0.9999640445704489	9.79032105107e-05
760.6185376676731	0.9999063402069714	9.69505705869e-05
760.638971129898	1.000067761888903	9.68128714717e-05
760.6594047928229	0.9999251857051544	9.70910603618e-05
760.7002718197182	1.000088009688237	9.72173041838e-05
760.7411390482448	0.9998735489780236	0.000101555367401
760.761572512798	1.000153125694613	0.0001031490744065
760.7820061780512	0.999979924673278	0.000104664848029
760.8024397431873	0.9999595366960046	0.0001001309533518
760.8228734093718	1.0000621490821735	0.0001071640551536
760.8433068757877	0.9999412836764268	0.0001080284979802
760.8637404423207	0.9998579553354834	0.0001082469574691
760.8841741089709	1.0001978146563115	0.0001018005348893
760.9046075763181	1.0001079234014565	9.76136645824e-05
760.9250411442481	0.9999676245364186	9.75628679451e-05
760.9454748122953	1.0000055490802089	0.0001011778085589
760.965908380691	0.9998959437164328	9.83929405653e-05
760.9863418494351	0.9999584876446116	9.72281865005e-05
761.0067755184136	0.9999501145380254	9.73331329103e-05
761.0272090877406	0.9999738234052032	9.75097728278e-05
761.0476427576505	1.0000833740177053	9.75647464936e-05
918.3508899132721	1.0000653094119354	0.0001139887057053
918.3713241056539	1.0000063810290034	0.0001130857056114
918.3917580978014	1.0000581940645394	0.000110140480754
918.4121922897175	0.9998667350280976	0.0001007737110771
918.4326263810508	1.0000186319042526	9.77097979488e-05
918.4530603727326	1.0000719502021822	9.64379935262e-05
918.4734945637174	1.000088779268813	9.71039683794e-05
918.493928654585	1.0000878133646718	9.62405153351e-05
918.5143626448698	0.9999773683469932	9.72705639226e-05
918.534796835389	1.000021861708584	9.5399535067e-05
918.5552309248596	1.0000724634238094	9.56247262171e-05
918.5756649146788	0.9999545478138702	9.65202895722e-05
918.5960991042666	0.9998971391369792	9.77857371944e-05
918.6165331932716	1.0000965447720649	9.92805808608e-05
918.6369673823938	0.9998271827556274	9.99722689859e-05
918.6574013708159	0.9997300313810372	9.79293015285e-05
918.6778354588896	1.0001686870723785	0.0001012916949278
918.6982696470805	0.999944764354304	9.90962735823e-05
918.7187036345713	0.9999853351566974	9.88187200576e-05
918.7391377221793	0.9999551972894828	9.99947958493e-05
918.7595718093216	1.000098145770567	9.79703667784e-05
918.780005896464	1.0000118033773568	9.75106485022e-05
918.8208740693517	1.000145490113385	9.81062488671e-05
918.8413081555627	0.9999191775803922	9.7476231284e-05
918.8617422413081	1.0001475220706806	9.68070870544e-05
918.9026104118675	0.9998536848945476	9.5673773884e-05
918.9230445967987	0.999987944031594	9.53232898255e-05
918.9434786816128	1.0000530904930147	9.57784697657e-05
918.963912665844	1.0000408026080525	9.54473345678e-05
918.9843468503095	0.9999765914701778	9.55840398256e-05
919.0047809341922	0.9999543943447295	9.57325211044e-05
919.0252149174921	0.999807734097268	9.58756462744e-05
919.0456491010264	0.999848805393765	9.56486713752e-05
919.0660831839778	0.999954433339178	9.61191369048e-05
919.086517166812	0.9997616210218608	9.61698414762e-05
919.1069513494149	1.000090531600296	9.62148311568e-05
919.127385431435	1.0001388047123243	9.61650910875e-05
919.1478196131065	0.9999565112720188	9.71750663034e-05
919.2091218573041	1.000199885008	9.57397700184e-05
919.2295558382757	0.9998690504349732	9.55848206226e-05
919.2704240987077	0.9999865437684814	9.53548228111e-05
919.3317263382487	0.9999034913949862	9.66445463427e-05
919.3521604170091	1.0000394954631222	0.0001001285521472
919.39302857453	1.0000903827833627	9.97585276197e-05
919.4134625527076	1.0000908698992568	9.75628421397e-05
919.4338967306539	0.9999941102537124	9.54140634261e-05
919.4543308084831	0.9998096894441236	9.61112002202e-05
919.474764786195	1.0001343820339146	9.54437025975e-05
919.49519896321	1.0000883847610818	9.75382009588e-05
919.5156330401078	0.9999680935819304	9.63181575137e-05
919.5360670164227	1.0000816406144395	9.81668710273e-05
919.5565011929721	1.0000345132408672	9.92476522391e-05
919.5769352689385	1.0001163393647254	9.58730029649e-05
919.5973692447878	1.0002047503217166	9.64121861908e-05
919.6178034204058	0.9999465299769508	9.60698066395e-05
919.6382374959067	0.9998305162822226	9.61643896673e-05
919.6586716705933	0.9999758323694836	9.59836776023e-05
919.6791056450456	1.0000487707730683	9.94202052243e-05
919.6995397196151	1.0001736813422075	9.64213573422e-05
919.7404078673571	1.0001224618004796	9.65550050317e-05
919.7608419409953	0.9999540311606684	9.66032744522e-05
919.781276114285	0.9999571554931748	9.663653265e-05
919.8017101874575	1.000011983139007	9.62528833876e-05
919.8221441600472	1.0001422168846716	9.67092742858e-05
919.8425783328712	0.9999400387745272	9.71498931615e-05
919.8630124046467	1.000168842076586	9.67241753227e-05
919.8834463767707	0.9999272707024688	9.67071485399e-05
919.9038805481978	1.0000723327069718	9.6701526918e-05
919.9243146195076	0.9999321733672554	9.57532671431e-05
919.944748790469	1.0000757179044777	9.60944650118e-05
919.9856168315746	0.9999291490709196	9.56723000935e-05
920.0060509019531	1.0002142486352912	9.57339308929e-05
920.026484971866	0.9999477978946472	9.64201674357e-05
920.0469190413132	0.999799289398992	9.53297164486e-05
920.0673531107605	0.9999158543281104	9.53907722905e-05
920.087787179742	0.9999370702183168	9.55418066433e-05
920.1082212487236	0.9999614526316768	9.53907831486e-05
920.1286553172395	1.0000079724741142	9.6152683342e-05
920.1490893852897	0.9999452979146796	9.54933704763e-05
920.1695235534571	0.9999017035317582	9.57749063398e-05
920.2103915885091	0.9999730927219298	9.58762900128e-05
920.2308257552795	1.0000656974390283	9.58744954497e-05
920.2512597222812	1.000066552514328	9.55318202777e-05
920.2716937889345	1.0000160510353058	9.74090384267e-05
920.2921279547736	0.9999393406092238	9.74306627387e-05
920.3125620209612	0.9999989773945148	9.55888430181e-05
920.332995986566	1.0001724312170632	9.58233331466e-05
920.3534301519394	0.9999282499437392	9.55063614753e-05
920.3738642171957	0.9999295939742898	9.54443065425e-05
920.3942981818691	1.0000573836995157	9.66555276749e-05
920.4147323467769	0.999874048081992	9.58513384925e-05
920.4351664111018	0.999940086468354	9.54566674886e-05
920.4556004749611	1.0000536072295096	9.5411669628e-05
920.4760345388204	0.999923011678688	9.53789334242e-05
920.496468602214	0.9998287324632616	9.53579425848e-05
920.5169027652591	1.00017654830082	9.86609531015e-05
920.5373367280699	0.9999428116579596	9.6810515697e-05
920.5577707909979	0.999986947742692	9.5395824304e-05
920.5782049531117	0.9999678761319676	9.54534082818e-05
920.5986389149912	0.9998464488952608	9.5444826704e-05
920.6395071381703	0.99986668239678	9.94609264606e-05
920.6599410995841	0.9999623751189984	9.56021482907e-05
920.6803751606494	1.0000668737468716	9.80977407464e-05
920.7008093213663	1.0001658873648775	9.61927870053e-05
920.7212432813831	1.0000698635860894	9.61996282205e-05
920.7416774416342	0.9999535918448176	9.61538577023e-05
920.7621115013026	0.999893883182487	9.57115959259e-05
920.8029796201736	1.0000180663380138	9.71694115474e-05
920.8234135792591	0.9996599747377432	9.63209247688e-05
920.8438476375304	0.9965722784559464	0.0001097544408753
920.9051498118788	0.993437641676772	0.0001522636091768
920.925583969336	0.9929765872001662	0.0001459915093561
920.946018026676	0.992636238807264	0.0001514305676362
920.9664520835504	0.992602722217098	0.0001700076413087
920.9868861404248	0.9925606297612332	0.0001581941446037
921.0073201968335	0.9925192530645522	0.0001614545172245
921.0277543528937	0.9922234075901752	0.0001538881073306
921.0481883087195	0.992274650478452	0.0001710983511572
921.0686223641969	0.99242829054951	0.0001703228064389
921.0890565193258	0.9922434482296714	0.0001642441823733
921.1094904742204	0.9925877431887924	0.0001660565753872
921.1299245292321	0.992743696666978	0.0001671141936961
921.1503586834297	0.992827383688036	0.0001564580542446
921.1707926378585	0.993130684356089	0.0001445008594556
921.1912266914733	0.9934567069618128	0.000147498720168
921.2116608452052	0.9939228123013204	0.0001349065466525
921.2320947987027	0.9948019694431433	0.0001278713307211
921.2525289515033	0.997467290619886	0.0001015650198694
921.293396956753	1.000135420722147	9.87099390508e-05
921.3138311086223	1.00008041337568	9.95125209697e-05
921.33426516084	0.9999091825418563	0.0001032358964291
921.3546992121264	1.0001514088376104	9.92005145178e-05
921.3751332634129	1.0001342789132333	9.8728705244e-05
921.3955673146993	1.0001744880896204	9.86953975966e-05
921.4160012649372	0.9999975346528576	9.86516251372e-05
921.4364354158752	0.9999495612471972	9.85920740271e-05
921.4568694657646	0.999969597021703	9.85218345683e-05
921.4773035156541	1.0000403152641464	9.82777955297e-05
921.4977375655435	1.0000637091297262	9.83434032082e-05
921.5181716145016	0.999916065097662	9.82211509908e-05
921.5386057635769	1.0000121728607694	9.80940846472e-05
921.5590397124179	0.9999001110563808	9.79465873037e-05
921.5794737609103	1.0000489907620262	9.8220254899e-05
921.5999079090543	0.9999314178406946	9.73858769622e-05
921.6203418569639	1.000164301843125	9.63094507207e-05
921.6407759045251	0.9998992757742288	9.58951355266e-05
921.6612100517377	0.999862431397633	9.54775958512e-05
921.6816439991817	1.000038297503071	9.5786953624e-05
921.7020780458115	1.000053275304353	9.64762443448e-05
921.7225121920928	0.9999008499521982	9.56716027312e-05
921.7429461386055	0.9999898766377576	9.60297085035e-05
921.7633802844211	0.9999794824666942	9.59445929617e-05
921.7838143301196	1.0000695183369843	9.60800856243e-05
921.8042482752353	0.9999854548714004	9.61032379479e-05
921.8246824201196	0.999963059554372	9.58399036828e-05
921.8451164648868	0.9998081773632526	9.56760684017e-05
921.865550509654	1.0000495996136436	9.55955114978e-05
921.8859845539555	1.0000441165438183	9.56455559684e-05
921.9064185973257	1.00004947386472	9.55563818822e-05
921.9268526411615	0.9999466905918456	9.64695154837e-05
921.9472866845317	0.9998781189188308	9.59029180855e-05
921.9677207274362	0.9999551544847792	9.66669201841e-05
921.9881547703408	0.9999018149476098	9.60869657061e-05
922.0085889128968	0.999933193069932	9.55335068063e-05
922.0494569968432	1.000159394125792	9.61061493968e-05
922.0698909386992	0.999941234299906	9.66783152656e-05
922.0903249797411	0.9998037823198318	9.66103521703e-05
922.1107591209002	0.999975354081648	9.6942557654e-05
922.1311930618249	1.000062058426205	9.73123334166e-05
922.1516271024011	1.000155114969008	9.79124204781e-05
922.1720612421632	1.0000602268121617	9.59358065008e-05
922.1924951826222	1.0001548403230691	9.6475531393e-05
922.2129292218015	0.99997694442904	9.59683809713e-05
922.2333633615635	1.0000119382152457	9.6238187247e-05
922.2537973006256	1.0000308566606146	9.55947047398e-05
922.2742314389907	0.9999371984295696	9.5911345275e-05
922.2946654777043	1.0000778250924356	9.65519569622e-05
922.315099415835	1.000200848534799	9.57514443224e-05
922.3355335537344	0.9999600431716144	9.6197817398e-05
922.3559675915167	1.0001701793392088	9.63578811517e-05
922.3764016288333	0.9999276400668567	9.78545390391e-05
922.4172697025351	1.0000460634888348	9.67607703249e-05
922.4377037389204	1.0000208607727676	9.71870171095e-05
922.4581377753057	0.9997841895587876	9.80253025446e-05
922.4785718112253	1.000046421286738	9.66789645099e-05
922.4990058466792	0.9998484151906212	9.68616093114e-05
922.5194399822503	0.999775687480666	9.64915919928e-05
922.5603080517612	1.000038342304194	9.87039910819e-05
922.5807420867495	1.0002105903068068	9.86116801199e-05
922.6011760206893	1.0000688389465342	9.79693762191e-05
922.6216101543978	1.0000382560344854	9.83121334964e-05
922.6420441879891	1.000007153845994	9.86240824042e-05
922.6624781214632	0.9999282598115252	9.8909190836e-05
922.682912254706	1.0000025310064953	9.91409352721e-05
922.703346287366	0.9999307099309738	9.93152519119e-05
922.7237802199088	1.0000058994908902	9.94488823059e-05
922.7442143522203	1.0000129159213451	9.87885673398e-05
922.764648383949	0.9999823136711492	9.87803369111e-05
922.7850823155604	0.999992441783887	9.91085838569e-05
922.8055164469406	1.0000898225841486	9.82063194223e-05
922.8259503780864	1.0001834824327511	9.88820715472e-05
922.8463845085353	0.99994922430218	9.86619744575e-05
922.8668185388669	0.999942025840354	9.74950550974e-05
922.8872525691986	1.0000698183848753	9.82453226699e-05
922.9076865990646	1.0000144492824756	9.78870061718e-05
922.9281206289306	0.9999622683119224	9.75151795991e-05
922.9485546578653	1.0000659746101837	9.73638782076e-05
922.9689886872657	0.9999717021826652	9.67799020827e-05
922.9894227157347	0.9999844645676892	9.57905887397e-05
923.0098567442037	0.999962546793548	9.61408319682e-05
923.0507248002104	0.9999889929288536	9.64051288037e-05
923.0711589278653	1.000130545449156	9.56098061529e-05
923.1324610090815	0.9999543347650592	9.61805276049e-05
923.1528950356878	1.0000843301437323	9.62545076557e-05
923.1733289617114	0.9998864030837	9.61429450707e-05
923.1937630875036	0.9999714183025304	9.58576735798e-05
923.2141971131787	1.0000703044976766	9.6941792589e-05
923.2346310382709	0.9999288750605028	9.56241477948e-05
923.2550651635975	0.9999188237856906	9.6041245225e-05
923.2754991878755	0.9999126700026146	9.60961096904e-05
923.2959331125021	1.0002714384890272	9.61485723762e-05
923.3163672368973	0.9998704951620532	9.58605384492e-05
923.3368012602441	1.000086588381544	9.59984209554e-05
923.3572353841737	0.9998224205515308	9.60964006249e-05
923.3776693074033	1.0001358738223127	9.65190635804e-05
923.3981033302844	0.9999995531913456	9.62317864901e-05
923.4185373526998	1.0000118019979536	9.78916247409e-05
923.4389713751152	0.9999885187790832	9.69596971061e-05
923.4594053975306	1.0001210369211673	9.67211776041e-05
923.4798394194804	1.000254473364124	9.68506336148e-05
923.5002734409645	1.000056754828235	9.6229949636e-05
923.520707461983	1.0001492933856224	9.6335053577e-05
923.5411414830014	0.9998951617870492	9.8559302362e-05
923.5615755040199	0.9999914103866038	9.78552469444e-05
923.582009524107	0.9999219404493958	9.71811063641e-05
923.6024436443113	0.9998602279352062	9.67182487894e-05
923.6228775642812	0.9997849507285798	9.60318801974e-05
923.6433116835542	0.999967683013212	9.74637665335e-05
923.66374570271	0.9999374307736992	9.55616453572e-05
923.6841796217486	1.000014586717133	9.64751808655e-05
923.7046137405559	0.999975083907809	9.74287137784e-05
923.7250477587804	1.000192829758537	0.0001065802081115
923.7454816768877	1.0000344243321193	0.0001032616721553
923.765915794298	0.9999559690395186	0.000101563198046
1079.2204609098844	0.9999105454840956	0.0001061251180306
1079.2408936554566	1.000034032535272	0.0001053055496403
1079.2613263013773	0.9999643342589086	0.0001031346275997
1079.2817591475323	1.0000116762402138	9.93216059227e-05
1079.3021917939186	0.9999665306628348	9.81470237429e-05
1079.3226246400736	0.9999527620287664	9.86235669198e-05
1079.3430573870428	0.9999860431424096	0.0001004247548536
1079.3634900338948	1.0000870539962086	9.96104079661e-05
1079.3839228809811	1.0000747076854382	9.84916618961e-05
1079.4043556279503	0.9999423456274864	9.79187611606e-05
1079.4247882757336	1.0000486213491395	9.80801898037e-05
1079.4452211232856	1.0000544225351378	9.81621697639e-05
1079.465653871186	1.0001443482480818	9.98357155556e-05
1079.486086519435	0.9999540494034104	0.0001038530428286
1079.5065193674527	1.0000539645113988	9.91582579921e-05
1079.5269521162845	1.0001400790663926	0.0001008193883793
1079.5473849647678	1.0001280819912404	9.81605039586e-05
1079.5678176139481	1.0000331566393938	9.80816221461e-05
1079.58825036278	0.9999564392521324	9.91773555039e-05
1079.6086832121946	1.0000669045259705	9.9357973259e-05
1079.6291158618405	0.9999902338634984	9.81329032013e-05
1079.6495486116037	0.9999872936904114	9.98817689227e-05
1079.669981461484	0.9998336341130344	9.88341249304e-05
1079.6904141115956	0.9999441793355128	9.85403868635e-05
1079.7108468618244	1.0000190539627627	9.87288048285e-05
1079.731279712636	1.000112659724425	9.78189930235e-05
1079.7517124633305	1.0000109407298576	9.91253017363e-05
1079.7721452144906	1.0000353375133328	9.81137847092e-05
1079.7925779656507	0.9999579107514908	9.8294515295e-05
1079.8130107168108	0.9999379641117808	9.89091903825e-05
1079.8334434684366	0.9999400785813858	9.87270569697e-05
1079.8538762200624	1.0000423288562876	9.88568549621e-05
1079.8743089721538	0.9998915183473872	9.92331071155e-05
1079.894741724711	0.999794976604017	9.99190831786e-05
1079.9151744768023	0.9998535081044068	0.0001002755531759
1079.9356073294766	0.999845841449002	9.90331854876e-05
1079.9560399823822	1.0000349884554784	0.0001001835821365
1079.976472735405	1.000109511759541	9.86919498644e-05
1079.996905588545	1.0000862378112876	9.96858559591e-05
1080.0173382423818	0.9999974430407614	9.90108218971e-05
1080.0377709958702	0.9998188193064044	0.0001003236746206
1080.0582038494758	1.0000037486667746	9.82833400427e-05
1080.0786365037784	1.000003871592303	9.84662862192e-05
1080.0990692581981	1.0000728794793838	9.8417200134e-05
1080.119502112735	1.0000653161481217	9.91351223775e-05
1080.1399347670376	0.9998423304408854	0.0001004052839935
1080.1603676220402	1.0000879410317327	9.82264027233e-05
1080.1808003773913	1.0000205042471606	9.8115175716e-05
1080.2012330326252	0.9999599636260524	9.79775256151e-05
1080.2216658880934	1.0000049512863998	9.87644575817e-05
1080.2420986439101	0.9998591906672396	9.95225401043e-05
1080.2625313997269	0.9999721149147158	9.88281337e-05
1080.2829641560093	1.0001348369103944	9.96450268194e-05
1080.3033969122916	1.0000491238120657	9.90369054474e-05
1080.3442624257877	1.0000718440865182	0.0001006880321051
1080.3851280398667	0.999863184283359	9.99701398768e-05
1080.405560797546	1.0001032166473411	9.8567034888e-05
1080.4259934551083	1.000074608822242	0.0001001336213853
1080.4464263129048	1.000027473695415	9.91306763485e-05
1080.4668590710498	1.0000724331957016	0.0001002882095497
1080.4872917290777	0.9998943153834852	9.96316266536e-05
1080.5077245878056	1.0000380651902216	9.8317670002e-05
1080.5281573464163	1.0000404880475124	9.86543309324e-05
1080.5485901054926	1.0000254027844293	9.80509001565e-05
1080.569022864569	1.0001607300017374	9.85904842685e-05
1080.5894555239938	0.9999276035221304	9.87735457534e-05
1080.6098883831874	1.0000547634000096	9.82325479458e-05
1080.630321143195	0.9999707948629508	9.82882030374e-05
1080.6507538030855	0.9998581719262498	9.97451042987e-05
1080.6711866632104	1.0001537830908491	9.85624745109e-05
1080.6916194236837	1.0001513490992069	9.85031121626e-05
1080.71205208404	1.0000370213560943	0.0001040574209338
1080.732484945096	0.99993183517617	9.7915913353e-05
1080.752917706035	0.9999402772585788	9.77971543019e-05
1080.7937832288444	0.999956575663588	9.93828846165e-05
1080.814215990249	0.9999681535736342	0.0001034529281101
1080.8346488522366	0.9999117625044136	9.88251363052e-05
1080.8550815144554	0.9999749899173253	0.0001014510150985
1080.8755142763257	0.9999114722644552	9.95981182244e-05
1080.8959471387789	0.9998923255467228	9.96103937816e-05
1080.916379801929	0.9999918193239145	9.98652281876e-05
1080.9572454276495	0.9999951509143318	9.92856983487e-05
1080.9776781909168	1.000128834125799	9.79120663734e-05
1081.0185437183827	1.0000137653830243	9.81014399374e-05
1081.0389764825813	0.9999651998473632	9.88641437312e-05
1081.0594093464315	1.000135548236669	0.0001020100343296
1081.100274775643	0.9999806763308604	9.80844476916e-05
1081.1207076404244	0.9999714017039172	9.88754360955e-05
1081.1411403054371	0.999970869941346	9.89084259544e-05
1081.1615731706843	0.9998825132176524	9.79567664281e-05
1081.18200593628	0.9999406517415712	9.96407492063e-05
1081.202438602224	0.9999369067518776	9.7824545076e-05
1081.2228714679368	1.0001234329454836	9.80403829562e-05
1081.2433041338809	1.000035974549601	9.79692253743e-05
1081.2637369004078	0.999999640763678	9.81384612693e-05
1081.284169767052	1.000085890817097	9.80437389755e-05
1081.3046024339274	1.0001001634587543	9.79933548283e-05
1081.3454680680297	1.0001102036108724	9.80648328153e-05
1081.3659007353708	0.99999174589739	9.80811341543e-05
1081.3863336029463	0.9998879053286456	9.81985108422e-05
1081.4067663708702	1.0000600239431048	9.80236735998e-05
1081.427199138794	1.0001137601985064	9.82579371547e-05
1081.4476319071837	0.999882399801385	9.81217936735e-05
1081.4680646755733	0.999959984588607	9.85947497094e-05
1081.4884974444285	0.9998985762541874	9.82182814294e-05
1081.5089302132837	1.0001296104172326	9.88732966702e-05
1081.5293629826047	0.9999884268631748	0.0001014065585959
1081.5497957519256	1.000102528982102	9.84097782539e-05
1081.5702286213636	0.999920104776115	9.82370911854e-05
1081.590661291033	1.0001402716570371	9.80115078815e-05
1081.6110941614024	0.9998793878011156	9.9156783068e-05
1081.631526931189	0.999980126172256	9.85724347117e-05
1081.6519596017897	0.9999588539808268	9.83706966453e-05
1081.6928252433427	0.9997223985718756	9.89424898501e-05
1081.7336907857098	0.9956406838227772	9.88719355414e-05
1081.754123557359	0.9942424584801072	0.0001063624429723
1081.7745564291254	0.9936511724265732	9.87620294758e-05
1081.794989101123	0.99320536863983	9.86186233834e-05
1081.815421873238	0.9930340114352558	0.0001026582095944
1081.8358546458185	0.9926820894051308	9.98065609946e-05
1081.856287418399	0.9924633589689352	0.0001040166381788
1081.8767200908624	0.9924392707541474	0.0001080311412722
1081.8971529640257	0.992510492660291	0.0001005349582131
1081.9175857375376	0.9924214025665876	0.0001033720642871
1081.9380185110494	0.992219872378816	0.0001046512289721
1081.9584512845613	0.9925094983150812	9.82489364639e-05
1081.9788840585388	0.9923850497443264	0.0001033611102192
1081.9993169326335	0.9924442582654204	0.0001190363177934
1082.0197496069595	0.992655866199862	0.0001042603993889
1082.0401823814027	0.9928484333336648	0.0001092792610078
1082.0606152564287	0.9931936436495978	0.0001001689091274
1082.0810479312204	0.9936801744354984	0.0001005691051932
1082.1014807065949	0.9942101342548936	0.000107801437553
1082.1219135820866	0.995202052668834	9.76397037185e-05
1082.1423463579267	0.9984488194690008	9.82359259292e-05
1082.1627790336497	1.000051765593459	9.90420669196e-05
1082.183211909607	0.9999977582368949	9.77562224782e-05
1082.2036446859129	0.9999532222328218	9.82315388592e-05
1082.2240774626844	1.0001730723087778	9.92022300966e-05
1082.2445102394558	0.9999259117122096	9.90505330989e-05
1082.2649430162273	0.999941214756598	9.81024719833e-05
1082.2853758935817	1.0000106490915732	9.81184844395e-05
1082.3058085711673	0.999919817599022	9.96784279494e-05
1082.32624134887	0.999912137250381	9.96403139399e-05
1082.34667422669	0.9998947746675106	9.86821875897e-05
1082.3671069047414	1.0000601473203794	9.88252460213e-05
1082.3875396829098	1.0000552982087254	9.9101234405e-05
1082.4079725616612	1.0000631215675768	9.88802899333e-05
1082.428405240178	0.999897950553086	9.98451584387e-05
1082.448838119395	1.000105185402909	0.0001023062590747
1082.4692708984949	1.0001540282933368	9.97041579755e-05
1082.4897035779431	1.0000864710995936	0.0001000162481621
1082.5101364576258	0.9998046809640698	0.0001046770548371
1082.5305691375397	1.0000019751618483	9.97567742024e-05
1082.5510019175708	1.0001212406001088	9.84940339436e-05
1082.5714347977191	0.999960211301368	9.80746613851e-05
1082.5918674785644	0.999936423811952	9.81702344615e-05
1082.6123003591783	1.0000050919726813	9.79229345538e-05
1082.6327331401408	0.9998250578918726	9.8368166786e-05
1082.6531659211032	1.0000252208216658	9.83409405743e-05
1082.6735987025313	1.0003226543625672	9.85505880846e-05
1082.694031484425	1.0000447626503957	9.92269989665e-05
1082.7144642663188	0.9999835856313142	9.94036490598e-05
1082.7348970482126	1.0001160751455092	0.0001003310290925
1082.755329830572	0.9999792854786492	0.0001005130242022
1082.7757626129314	1.0001135398131282	0.0001119613854036
1082.7961954958737	1.0000264564463368	0.0001012314145473
1082.8166281790473	1.000096819471726	9.88173296826e-05
1082.8370610619895	1.0000269167229454	9.82309234701e-05
1082.857493845746	1.0000001326528294	9.84250710519e-05
1082.8779265293851	0.9998575123218928	0.0001001642177734
1082.9187921970151	0.9999036969392154	0.0001048427971813
1082.9392248815857	1.0000599261689904	0.0001075765397821
1082.9800905506127	0.999738283848466	0.0001059118029975
1083.0005232356489	0.9997785958579738	0.0001037187997551
1083.0209561209194	1.0000197187816966	0.0001101904107881
1083.0413889065385	0.9997709589132144	0.0001019124638728
1083.0618217922747	0.999995883191483	0.0001048933612375
1083.0822544777766	0.9999350325722792	0.0001027207402677
1083.1026872638613	1.000025114091176	9.99993596352e-05
1083.1231201505288	0.9999603416105528	0.0001021386321687
1083.143552836962	1.000112003734756	0.0001021284624302
1083.163985623978	0.9998605353652006	9.969142465e-05
1083.184418410994	0.9999184221751752	9.85125941046e-05
1083.2048511980101	1.0001043728879535	0.0001047013118114
1083.225284085609	0.999913678279541	0.000105189472242
1083.2457167729735	1.0000423120592583	9.97347642125e-05
1083.266149560921	0.999844400750129	9.91173906071e-05
1083.286582449451	1.0000161584874183	0.0001035387149994
1083.3070152373984	1.0001633278173787	9.79669932794e-05
1083.32744792616	1.0000190562557258	0.000100074750384
1083.3478808151558	1.0000125499765615	0.0001024789763633
1083.3683136040345	1.000079483138229	0.0001011524640941
1083.3887462932616	0.999927625112981	9.95202487235e-05
1083.4091791827232	1.0000444661736512	0.0001000430749552
1083.4296119725332	1.0000624790236718	9.99284751134e-05
1083.4500448624603	0.9998367780916728	0.0001001049706918
1083.4704775526188	1.0001384872377397	0.0001018017005148
1083.4909103428945	1.000042497686192	9.96675438572e-05
1083.511343233753	1.0001503105431766	9.8587828116e-05
1083.5317759243771	1.0001766064943975	9.8261885713e-05
1083.5522087155841	0.999993729470939	9.86999685529e-05
1083.5726416069083	1.0001292905816124	9.81019488384e-05
1083.5930742984638	0.999943546716222	9.82051166297e-05
1083.6135070901364	0.9998547087225746	0.0001006017393956
1083.633939982392	0.999907099533508	9.82745962381e-05
1083.654372674413	1.0000840038272023	9.79250278854e-05
1083.6748055666685	0.9998539639498872	0.0001006705543302
1083.6952383597381	1.0000628355621697	9.96411947222e-05
1083.7156710526906	0.9998722761291918	9.78149666547e-05
1083.7361039458774	1.0002303719592596	9.94346481846e-05
1083.756536738947	0.9999570778641412	9.92506938902e-05
1083.7769695324823	0.9998340809444902	0.0001057188953215
1083.7974023264833	1.0000767411805822	9.8661036091e-05
1083.8178351204842	0.9999213898044248	9.91088803649e-05
1083.8587007094175	1.000081625954663	0.0001028719566274
1083.879133503884	1.0000037832892006	9.93239182543e-05
1083.8995662988164	0.999967960166734	0.0001001945631914
1083.9199990942143	0.9999638686425136	9.78466096279e-05
1083.9404318896122	0.9999476133418916	0.0001004191840282
1083.9608646850102	1.0000364473749457	9.7756707463e-05
1083.9812974808738	1.0001540341139428	0.0001002130202439
1084.001730277203	0.9999353365303504	9.99682225261e-05
1084.0221631736495	1.0000214993420344	9.93647006071e-05
1084.0425958698615	1.0000028792185622	9.86658106881e-05
1084.0630287667736	0.9999610177120116	0.0001012429169424
1084.0834615640342	0.9999362350308968	9.93834223009e-05
1084.1038942611776	1.0001175039822754	9.99491655528e-05
1084.1243271585554	0.9999550393646188	0.0001018326273911
1084.1447599562816	0.9998090607435792	0.0001003409216837
1084.1651926543564	0.9999701636776164	0.0001019196839867
1084.1856255526654	1.0000077017090343	0.0001072347399462
1084.2469239486381	1.0001110370898116	9.90900830208e-05
1084.2673567472957	0.9999929012644568	9.91153457461e-05
1084.287789646536	0.9999261119823394	9.81188066007e-05
1084.3082223464735	0.9999319916261772	0.0001036314554877
1084.3286551460624	1.0000378996013906	0.0001013219517976
1084.349088046234	1.0001436467835114	0.0001024771432189
1084.3695207461715	1.0000824032244395	0.000104212815154
1084.3899535471573	1.000068403635043	0.0001014849184785
1084.4308191486634	1.0000272436573192	0.0001013034997577
1084.4512520497665	0.9999556904619646	0.0001029760976997
1084.4716847511008	1.0001561133888948	0.0001010992711896
1084.4921176526695	0.9999831225427128	0.0001023393540638
1084.5125504545867	1.0000694811938304	9.92018507464e-05
1084.5329832569696	0.9999185930045132	9.95942117427e-05
1084.5534159592353	1.000001435367631	9.81968433481e-05
1084.5738488617353	0.9999692697563074	9.88040025135e-05
1084.5942816645838	1.0000621901779363	9.84746210595e-05
1084.6147143677808	0.9999639044461957	9.84807071235e-05
1084.6351472707465	0.9999621972167088	9.77982774603e-05
1240.0964499907568	1.0000091087294405	9.58559994174e-05
1240.1168846441433	1.0000845986177729	9.62408278749e-05
1240.1373190972954	0.9998495490903472	9.65996191869e-05
1240.1577536505647	1.000025221465356	9.69207194695e-05
1240.198622756172	1.0000607351104935	9.73514973967e-05
1240.2190574090928	0.9998427258471548	9.74342942638e-05
1240.2394919618964	0.9998073148706446	9.74607523105e-05
1240.2599264145829	0.9998536451731368	9.7394569755e-05
1240.2803610675037	1.000068663896576	9.72890875662e-05
1240.3007956198417	0.9998911482827588	9.71351668809e-05
1240.3212300725281	1.0002567320643183	9.69674225714e-05
1240.3416647245176	0.9999781300486098	9.67286505822e-05
1240.3620992768556	1.000104334562689	9.65134489739e-05
1240.3825339293107	1.0001885127079966	9.63030338579e-05
1240.4029683815315	1.000210361778788	9.60955745593e-05
1240.4438375853933	1.000065840656846	9.57451793523e-05
1240.4642720376141	0.9998782782659914	9.55961181858e-05
1240.4847065894864	1.000050441413365	9.55193661729e-05
1240.5051412410103	0.999750342844848	9.5416185132e-05
1240.5255757928826	0.9999760620103068	9.536342115e-05
1240.5460102446377	0.9998923691717556	9.53749503995e-05
1240.5664448961616	0.9998772302313432	9.53686794429e-05
1240.5868794475682	0.9999502806862834	9.54135004243e-05
1240.6073139989749	0.9999837815975756	9.54611822179e-05
1240.6277485503815	1.000014524436525	9.55280310271e-05
1240.6481831013225	1.0000888140204132	9.56202550199e-05
1240.6686177523807	0.9999936908754936	9.57064787883e-05
1240.6890522036701	1.0001056089634774	9.58038091541e-05
1240.7094867546111	1.0000315543800165	9.59101773058e-05
1240.7299214056693	0.9999900247852672	9.60211791295e-05
1240.7503558564931	0.9999315860571304	9.61007838729e-05
1240.7707905070856	0.9999630156436256	9.62010054021e-05
1240.7912249579094	0.9999201098748508	9.62758936523e-05
1240.8116595083848	1.0000594276639907	9.63574987286e-05
1240.8525286093354	0.9999517363254202	9.65057545148e-05
1240.8729631598108	1.0001718880596826	9.65555651918e-05
1240.8933978099376	1.0000888363239775	9.65871530962e-05
1240.9342668103054	1.0000638837120146	9.66103082462e-05
1240.9547014599666	0.999935707457728	9.66086367939e-05
1240.9751359103248	1.000022780712018	9.65980254609e-05
1240.995570559986	1.0001406500322778	9.65930889666e-05
1241.0160051099956	1.000003837967565	9.65263591921e-05
1241.0364395594224	0.9999958160607632	9.65033138193e-05
1241.0773087586276	1.0000693505062124	9.64042257031e-05
1241.1181778577156	0.9998649551183758	9.62316729226e-05
1241.138612406794	0.9998164382421244	9.61927657824e-05
1241.1590470559895	0.9999836668016968	9.61255195956e-05
1241.1794815054163	0.9999299642000388	9.60742465789e-05
1241.1999160544947	1.0000198625032863	9.60076479579e-05
1241.2407852523029	0.9999928479585276	9.58816740382e-05
1241.261219701264	1.0001068696634592	9.58060339538e-05
1241.2816543495283	1.000078065449238	9.57575775524e-05
1241.3020888986066	1.000100821846973	9.57255702161e-05
1241.322523347102	1.000063124036818	9.56366298384e-05
1241.3429579953663	0.9998804186123011	9.56026696731e-05
1241.363392543979	1.0000817492189096	9.55558200286e-05
1241.3838271922432	1.000101957504561	9.55158204377e-05
1241.404261640273	0.9999997971369096	9.54982210474e-05
1241.465565284714	0.9999856976324932	9.54228248686e-05
1241.4859998323955	0.9999238376596016	9.53711697292e-05
1241.5064343800768	0.9998881505859932	9.53887224543e-05
1241.5268689282238	0.9998435421091276	9.53685990515e-05
1241.5473035755567	1.0000624083065817	9.53816968304e-05
1241.567738023121	1.0000409395102985	9.53751544992e-05
1241.5881725708023	0.9999884218196058	9.53502511775e-05
1241.6086072181351	1.0000062117219897	9.53483086284e-05
1241.6290416656993	0.9999593960854408	9.53444162793e-05
1241.649476212915	1.000125198192408	9.53742297143e-05
1241.6903453068808	0.9999094072986456	9.53846579345e-05
1241.7107798540965	0.999925652877448	9.54054049832e-05
1241.7312145009637	1.0000775504524015	9.53997623742e-05
1241.7516490477137	0.9999874472477556	9.54120483608e-05
1241.7720835944638	1.000031867175338	9.54112108141e-05
1241.7925181412138	0.999925173421302	9.54527761273e-05
1241.8129526874982	0.9998806217783656	9.54582454658e-05
1241.8333872342482	1.0000985931735369	9.54404512788e-05
1241.8538217805326	1.0001478370067054	9.54852673423e-05
1241.874256326817	0.9999442209119396	9.54627410103e-05
1241.8946909732185	1.0001102602553746	9.5453012841e-05
1241.91512541892	0.9998827078791904	9.5505946919e-05
1241.9355599652044	1.0002001766984463	9.5496274343e-05
1241.9559946111403	1.000049703651689	9.54835265739e-05
1241.9764290573075	0.9998895482168866	9.54708857922e-05
1241.9968637027778	0.9999760843754472	9.5526145835e-05
1242.0172982485965	1.0001499302330292	9.54690226646e-05
1242.037732694298	0.9998440711663036	9.5504899229e-05
1242.0581673397683	0.9998763778021216	9.54844471088e-05
1242.0786018851213	1.000148648128537	9.5491649562e-05
1242.0990363303572	1.0000427915592869	9.54915337234e-05
1242.1194709758274	1.0000335228212296	9.54754012453e-05
1242.1399055211805	1.0000057954395096	9.54449768332e-05
1242.1603400660679	1.000068073495311	9.54627809549e-05
1242.1807746109553	0.9998822161686748	9.54445010407e-05
1242.2012090561911	1.000003191330451	9.54481771793e-05
1242.22164370073	0.9998917087002016	9.54341120171e-05
1242.2420782456174	1.0000379721028327	9.54258727899e-05
1242.2625127905048	0.999981732625505	9.54394635311e-05
1242.2829473349266	1.0000993103834572	9.54102569155e-05
1242.3033818793483	1.0000510533312736	9.54047279985e-05
1242.32381642377	1.0000089339248768	9.54141953121e-05
1242.3442509681918	0.999979782333563	9.53982212904e-05
1242.3646855126135	1.0000235972710323	9.5392770747e-05
1242.3851201566868	1.0000027283776505	9.53946195154e-05
1242.4055547006428	1.0000211788274789	9.53887287571e-05
1242.446423788555	1.0000584493115805	9.54116529527e-05
1242.4668583320454	0.9999894881995158	9.54186411752e-05
1242.4872927758843	0.9999513211946468	9.54296221935e-05
1242.5077274194919	0.9999316198472352	9.54203391156e-05
1242.5281619629823	0.9999623831783646	9.54499629931e-05
1242.5485966065899	0.9998697368320753	9.54687550697e-05
1242.569031049963	0.9998283611086448	9.5518375319e-05
1242.5894655929878	0.9994385061577232	9.55140036337e-05
1242.6099002361298	0.9961345706711112	9.54235834234e-05
1242.630334679503	0.9942220012481606	9.53918311762e-05
1242.6507692225277	0.9936920730316464	9.54088296632e-05
1242.671203865204	0.9934709987521506	9.54806513858e-05
1242.6916383081116	0.9929415671815572	9.54991895306e-05
1242.7120728511363	0.9930567912578354	9.55489977453e-05
1242.732507493347	0.9927220457830468	9.56212779091e-05
1242.7529419362545	0.992366222351272	9.5675380076e-05
1242.773376578465	0.9924233921444102	9.57334019588e-05
1242.7938111210242	0.9923740476471714	9.58020245222e-05
1242.8142455630004	0.9924933915923588	9.5907348988e-05
1242.8346802056767	0.9922885693838492	9.59463268427e-05
1242.855114647653	0.992502263223277	9.60356127514e-05
1242.8755491897464	0.9927043055105512	9.61058423436e-05
1242.8959838314913	0.9925231679849562	9.61710323579e-05
1242.916418373119	0.9928757392218388	9.62526285029e-05
1242.9368528150953	0.9931628125199204	9.63124155166e-05
1242.9572874568403	0.9935737894896716	9.64169218065e-05
1242.977721998468	0.9940669959787592	9.64993447365e-05
1242.9981565396301	0.9953753926215958	9.66028994233e-05
1243.018591081258	0.997748948383656	9.67579883777e-05
1243.03902562242	0.9999111055108844	9.68725001653e-05
1243.0594601635821	0.9999789583825	9.69402062572e-05
1243.0798947047442	1.00002033633842	9.69638707512e-05
1243.1003292459063	0.9999674873574992	9.69954940037e-05
1243.1411983272992	1.0000601524843482	9.69885934541e-05
1243.1616329681128	0.9998444283407628	9.69530857436e-05
1243.1820675088093	0.999977158017094	9.69667772801e-05
1243.2025019493885	0.9998537262531642	9.69382155009e-05
1243.2229365897365	0.9999712783813052	9.68810195291e-05
1243.243371130433	1.0000375948871247	9.68392697858e-05
1243.2638055705465	1.000044451475092	9.67772605182e-05
1243.3046747511253	0.9999494463434913	9.66293313305e-05
1243.3251091907732	0.9999082174549632	9.65466263196e-05
1243.3455438306555	1.0001607983817251	9.64891844166e-05
1243.3659783704206	1.0000364933532366	9.63670132752e-05
1243.386413010303	1.0001048956372705	9.62817686795e-05
1243.4068474499509	0.9999389815036992	9.61650294418e-05
1243.427281989716	0.9999386953071968	9.60599752226e-05
1243.4477165290155	1.0002057811445084	9.59612090445e-05
1243.468151068315	1.0000153641239715	9.58576375027e-05
1243.4885856076144	1.000055434763933	9.57607668619e-05
1243.5090201469138	1.0000933155209133	9.5668994242e-05
1243.5294546857476	1.0000501861855	9.55974007236e-05
1243.5498892245814	1.000086402977097	9.55110922935e-05
1243.570323863998	0.9999427186010597	9.54655650368e-05
1243.5907583027147	1.0000646379024631	9.54577655299e-05
1243.6316274800338	1.000065779505756	9.54341965653e-05
1243.6520619182847	1.0000696749261162	9.54805903124e-05
1243.67249655677	0.9999216627787852	9.55158539359e-05
1243.6929310951382	1.000095539791546	9.55887600155e-05
1243.7133655333892	1.0000617500577471	9.56699943957e-05
1243.7338001714088	0.9998907617065654	9.58058402552e-05
1243.754234709777	0.9997939286776631	9.59168004787e-05
1243.7746693477966	1.000095983311376	9.6068989878e-05
1243.795103785582	1.0000078142203992	9.62362166962e-05
1243.8155383230187	0.9999835147665076	9.64268978848e-05
1243.8359729610384	1.0002057663711623	9.66327598504e-05
1243.856407398358	0.9998651023730732	9.67979107124e-05
1243.8768419357948	0.9998999238320972	9.7019382614e-05
1243.8972765733488	1.000046701921819	9.72362453286e-05
1243.9177110106684	0.9999466979943687	9.74550094503e-05
1243.9381455476396	0.9999663665699242	9.76554959847e-05
1243.958580184728	1.0000483160753344	9.78235182888e-05
1243.9790146215819	1.000150896705059	9.79937924621e-05
1243.9994492586702	1.0000663482844891	9.81659429289e-05
1244.0198837956414	0.9999921699931784	9.82579062724e-05
1244.0403183321469	0.999838695462236	9.83460151596e-05
1244.0607528686523	1.0000032256242275	9.84142814055e-05
1244.0811874056235	0.9999327228967108	9.84529789827e-05
1244.1016219416633	0.9998597539917036	9.84274697708e-05
1244.1220564781688	1.0000865391135996	9.84089711894e-05
1244.1424910142086	1.0000765826037472	9.83027973733e-05
1244.1629255507141	0.9997939058157288	9.81740344106e-05
1244.183360086754	0.9997912060670652	9.80157606936e-05
1244.2037946227938	1.0001473507226677	9.78413657667e-05
1244.224229158368	0.999857595742313	9.76152590441e-05
1244.2446636944078	0.9999351201654266	9.73656213705e-05
1244.265098229982	0.9999793119965884	9.70956572054e-05
1244.2855328652076	0.9998987724437134	9.68241950237e-05
1244.3059673006646	0.9999199524796372	9.65420042167e-05
1244.3264018362388	0.9999119925494088	9.63047312652e-05
1244.3468364714645	0.9999914860082366	9.60243946034e-05
1244.3672709064558	1.000018619254022	9.58364479652e-05
1244.3877054415643	0.9997912953937544	9.56444831979e-05
1244.40814007679	1.000046434736915	9.55279006969e-05
1244.4285745117813	0.9997435111317045	9.54425903771e-05
1244.4490091460757	1.0000575880663185	9.54583622266e-05
1244.4694436811842	1.0001256288919196	9.55130974743e-05
1244.4898781157099	1.000014755414112	9.56411977077e-05
1244.5103127500042	1.000098569174716	9.58619733062e-05
1244.530747284647	1.0001273433229847	9.61441680923e-05
1244.5511818188243	1.0001596060133453	9.64863070124e-05
1244.5716163530014	1.000073881618379	9.68485243654e-05
1244.5920508871786	1.0000855224906258	9.72544675664e-05
1244.6124855210073	1.0000536273416931	9.76884852373e-05
1244.6329199550673	1.0000627563752569	9.80702809898e-05
1244.6737891226076	1.0001190512747526	9.87035575475e-05
1244.694223556202	1.00010798004305	9.88737714025e-05
1244.7146580894478	1.0000728613948766	9.89225009919e-05
1244.7350927228108	1.0000147244433408	9.88324452485e-05
1244.7555272560567	0.9999912289095468	9.85517849259e-05
1244.7759616891854	0.9998305450350526	9.81318478222e-05
1244.7963963225484	0.9999170873479976	9.75475178735e-05
1244.816830755677	1.0000782858404342	9.68738095476e-05
1244.8372653885745	0.999818677779296	9.6159008781e-05
1244.8576999213547	0.9999623566580031	9.56398088925e-05
1244.8781343540177	1.0000081743166522	9.54313932866e-05
1244.8985689864494	1.0002247682759884	9.58769229954e-05
1244.9190035192296	0.99987445601906	9.73097285736e-05
1400.9907637964934	1.0001358835886514	0.0001009429335798
1401.0111965248361	1.000094893717646	0.000113754917154
1401.031629152596	0.9998122129800668	9.96203150711e-05
1401.0520616807044	1.000153428545864	0.0001016029182004
1401.0724944085814	1.0000428080537935	0.0001141108269094
1401.0929270363413	0.9999713600398366	0.0001202770755254
1401.1133597637527	0.9999396598132044	0.0001242011546607
1401.1337922913954	1.000094956930755	0.0001012627557291
1401.1542249186896	0.999844982459214	0.000105013369052
1401.174657646101	1.000041030854992	9.89259649592e-05
1401.2155228005722	1.0001447621544828	9.84259765346e-05
1401.235955527518	0.9998721476168816	9.89169561058e-05
1401.2563880542293	1.000056437018461	0.0001011700662961
1401.2768206810579	1.000020455699768	0.0001020301885501
1401.297253407538	0.99986881717656	0.000104726429223
1401.3176860343665	0.9999419029484724	0.0001251388300052
1401.3381185606122	1.000063934084109	0.0001098429824597
1401.3585512870923	0.9998986348889602	0.0001354104353309
1401.3789839129895	1.0000938689615575	0.0001014939290547
1401.3994165393524	1.0000826394806863	0.0001186925049404
1401.4198491652496	1.0000504758922502	9.93711619114e-05
1401.4402817911468	1.0001050273541776	0.0001115904878459
1401.460714417044	1.000084383903701	9.87063888263e-05
1401.4811470429413	0.9999419591136456	0.0001163754782973
1401.5015795682557	0.9997018765126282	9.9227266878e-05
1401.5220122938044	0.9999360380120887	0.0001119740411993
1401.542444919236	0.9999552902349728	9.94410751463e-05
1401.5628774445504	1.000117050157215	9.89475099643e-05
1401.5833101696335	1.0000890918462928	0.0001001633462924
1401.6037427945994	1.0000322074973091	9.92388688335e-05
1401.6241755196825	0.9999001953982722	9.97367200145e-05
1401.6446080445312	0.9999122538676856	9.87843277909e-05
1401.6650406690314	0.9999426408569894	9.88658239098e-05
1401.6854733941145	0.9997612984532492	0.0001001734833942
1401.7059059184976	1.0000111927235826	9.82902122998e-05
1401.7263385429978	1.0000345520488438	0.0001018671716709
1401.7467712671496	1.0000402728573026	0.0001014560305126
1401.7672037915327	0.9999270591428258	0.0001138439277498
1401.7876364155672	1.0000442411400448	9.94307433246e-05
1401.808069139719	1.0000617981850846	0.0001060990194538
1401.8285017637536	1.0002589596346456	0.0001027600667973
1401.8489342872053	0.999999704780962	0.0001069753622564
1401.869367011357	1.0000753412563292	9.84115471978e-05
1401.889799634926	0.9999131897840174	0.0001041183736287
1401.910232258495	1.0000725202836005	0.0001013474945584
1401.9306648815982	0.999748991542321	0.0001081947789471
1401.9510975051671	1.0000614769693263	0.0001013044607268
1401.9715302283876	0.9999803052443696	0.0001042059617775
1401.9919627513736	1.0000902095812596	0.0001035900199685
1402.012395374477	1.0002739526070985	0.0001041998102182
1402.0328280972317	0.9998971601494728	9.84500032751e-05
1402.0532606202178	1.000035071038241	0.0001000590044051
1402.0736932428554	1.000003901386508	9.85884717367e-05
1402.0941259651445	1.0000835546055495	0.0001025726678298
1402.114558487665	1.0000888900566032	0.0001001374294911
1402.1349911103025	0.9999057368579604	0.0001000972188934
1402.1554237324744	1.0000730671777538	0.0001009599950189
1402.1758563546464	0.9999371695707048	9.82728935396e-05
1402.1962890769355	0.9997893508279082	0.0001080915074083
1402.2167215989903	1.000007013043731	0.0001010259324465
1402.2371542206965	0.9999447429046174	0.0001143947486898
1402.25758694252	1.0000843852508077	9.85545289146e-05
1402.278019464109	0.9997985105155976	0.000115540140607
1402.2984520858154	0.9999746686350832	9.86103517627e-05
1402.3188848071732	1.000072064049355	0.0001146163803594
1402.3393174288794	0.9998731709582628	0.0001005530701324
1402.3597499500029	0.9998986190268088	0.0001158781104637
1402.3801826713607	1.0000587386257562	9.97895678591e-05
1402.4006152921356	0.9998598373207188	0.0001032577806538
1402.4210479133762	1.0000405524366318	9.84898632561e-05
1402.4619131549262	1.0001102883394457	0.0001014457291122
1402.4823458753526	1.0000405282577054	0.0001023092734348
1402.5027783960104	1.0000577648573872	9.83513797299e-05
1402.5232110167854	0.9999765148213022	9.87097222401e-05
1402.564076257404	1.0000501928970589	9.94909899162e-05
1402.5845088777132	1.0000212564454665	9.91757796538e-05
1402.604941597674	0.999989156384155	9.91264268753e-05
1402.6253741178662	1.0000878537796547	9.87774563539e-05
1402.6458067377098	0.9999372706509164	9.90737538947e-05
1402.666239457205	0.9998320428720306	0.0001001385335861
1402.6866719769314	1.0001224029257565	9.98519208212e-05
1402.7071046968922	1.0000380936008784	9.9867570789e-05
1402.7275373162702	1.0000302744227985	0.0001006923512799
1402.747969835531	1.0000909188564708	0.0001004347720431
1402.7684025550261	1.0002027377742515	0.000103056343121
1402.7888350738212	0.9999727303113468	0.0001002733626668
1402.8092677933164	0.999954037763704	0.0001020441003419
1402.8297004122287	0.9999646667898936	0.0001041922370042
1402.850133031141	1.0000257321226662	0.0001019895374258
1402.8705655499361	1.000085086747883	0.0001013771113196
1402.9114308874123	0.9999065709446392	9.9639832998e-05
1402.931863505859	0.9998981517579828	0.0001057371955589
1402.9522961243056	0.9998977777910892	9.94350384409e-05
1402.9727287427522	1.0001179590720686	0.0001015233213621
1402.9931613607332	1.0000370607421032	0.0001129140521091
1403.0135939791799	1.000061910226663	9.94020344726e-05
1403.0340265971608	0.9999241080706291	0.0001079865217362
1403.0544593147933	1.00009237108271	9.87206115477e-05
1403.0748918326572	1.0000034137365708	0.000106114506628
1403.0953244506381	0.9999830726760864	9.90970673918e-05
1403.1157571682706	1.000047686933506	9.94897781913e-05
1403.1361896856688	1.000304920101347	9.87091453074e-05
1403.1566223031841	0.9999263898860656	0.000103856684185
1403.1770550208166	0.9999673016011296	9.90654236022e-05
1403.197487537749	0.9999603192459824	0.0001105035959542
1403.217920254916	1.000183336488304	9.96510466165e-05
1403.2383528724313	1.0000673419123194	0.0001061612761342
1403.2587853893638	1.0000299921187024	9.87840963861e-05
1403.279218106065	0.9998973493160752	9.91046044593e-05
1403.2996507231146	0.999800685655514	0.0001087405029307
1403.3200833396986	0.999909117069076	0.0001144592055683
1403.3405159562826	1.0000118749460138	0.0001169269990319
1403.3609485728666	1.0002566778817177	0.0001121895551685
1403.381381188985	0.9999179713487856	9.86861882414e-05
1403.401813805569	1.0000900574482825	9.86286942302e-05
1403.4222464216873	0.9999141014493944	9.88532221974e-05
1403.4426790378056	1.0000661130810222	9.97606313544e-05
1403.463111653924	0.9999503122044172	9.85602079063e-05
1403.4835442700423	0.999096121573294	0.0001097806849174
1403.503976885695	0.9959835963926238	9.90540398821e-05
1403.5244095018134	0.994453820660227	0.0001039828970853
1403.544842117466	0.9937272320307574	9.96039344978e-05
1403.5652748327702	0.9933659649191252	0.000102367260937
1403.5857073483057	0.993016787552782	9.93376904498e-05
1403.6061399639584	0.9929535999895032	9.97399525217e-05
1403.6470051943325	0.992438514319246	0.0001029732977804
1403.6674378095195	0.992520580336088	0.0001020206593572
1403.687870524358	0.992400417623799	0.0001105945175768
1403.7083030394278	0.99219121813075	0.0001065216439274
1403.7287357542664	0.9924760196554636	0.0001229901766384
1403.7491683689877	0.9925599989707048	0.0001098934321472
1403.769600883592	0.9925547997354144	0.0001290157804662
1403.7900335984305	0.9927068599569484	0.0001056400015369
1403.8104662126862	0.992627143832794	0.000123636088161
1403.8308987272903	0.9931887605266718	0.0001094280642537
1403.8513314411975	0.9935231336646088	0.0001235317658815
1403.8717640554532	0.9939490912112728	0.0001136244669253
1403.892196669709	0.995068140914149	0.0001391823304212
1403.9126292839646	0.9981379070293388	0.000121866283136
1403.9534946116619	1.0001367952801048	0.0001188588233415
1403.973927225452	1.0001253152237428	0.0001277729831439
1403.9943597391248	0.9999056064751984	0.0001177355333587
1404.0147924525663	0.9998609460974676	0.0001119124745826
1404.0352250658907	0.9999325508414104	0.0001145735155624
1404.0760902925394	0.9999529526949072	0.0001020753862161
1404.0965229058638	0.9999711285481512	0.0001041064673139
1404.116955419071	0.9998853668475536	0.0001025714144574
1404.137388132047	0.9999904812455392	9.91648694949e-05
1404.1578206447884	0.9998952863414658	9.81010181879e-05
1404.198685970623	1.0000851260274943	9.87268893155e-05
1404.2395511958748	0.9999767927149936	0.0001044217494919
1404.2599838082679	1.0001347571083874	0.0001094084559365
1404.2804163205437	1.000087401994576	0.0001245259938061
1404.300849033054	0.9999731319642426	0.0001413667289992
1405.3020471297204	1.000220499083994	0.0001121296898083
1405.322479837574	1.0000779501329145	0.0001046868536876
1405.342912345659	0.9996662881787388	9.89376297063e-05
1405.3633449533954	0.9999074182169546	9.80507592549e-05
1405.383777661249	0.9998259418184564	0.0001003703078399
1405.4042101688683	0.9999207247116056	9.82369739458e-05
1405.4246427766047	0.9999917317202917	9.80542097606e-05
1405.4450754839927	0.9998669668819266	9.90733138563e-05
1405.465507991612	1.000124788831659	0.0001005006479392
1405.485940699	0.9999772582358634	0.0001017568082214
1405.5063732061535	1.0001178488903413	0.0001026409071589
1405.5268058134243	0.9999443616790598	0.0001020075161879
1405.5472385203466	1.0000672349879929	0.0001013323919655
1405.5676711276174	0.9998223322673132	0.0001006036742931
1405.5881036343053	0.9999233799132008	0.0001001323803059
1405.6085363412276	1.0000836238732786	9.96782026858e-05
1405.6289689480327	1.000010827357978	9.92298294634e-05
1405.6494014547206	0.999937741813496	9.88518031306e-05
1405.6698341611773	1.0000902312962077	9.85483048844e-05
1405.6902667679824	0.9998801410929864	9.81569307637e-05
1405.7106993743218	1.0001004279014625	9.79745131898e-05
1405.7311319806613	1.0001688413229683	9.79518642556e-05
1405.7515645870008	0.999859787311042	9.79577958692e-05
1405.7719972929917	0.999939815305182	9.79475072912e-05
1405.792429799214	1.000111084685334	9.79821058049e-05
1405.8128624055535	1.0000111228304247	9.80649618198e-05
1405.8332951115444	1.0000065835782557	9.8161663702e-05
1405.853727617301	1.0000156163464424	9.82711816114e-05
1405.8741602231748	0.99992687831538	9.84639059197e-05
1405.8945929287001	0.9999129988346191	9.84671490188e-05
1405.9150254344568	0.9999983735018098	9.83508301039e-05
1405.935458039865	1.000099376516191	9.82083809425e-05
1405.9558907458559	1.0000450451111629	9.80878742678e-05
1405.9763232511468	0.999908330641212	9.79951967197e-05
1405.9967559562065	1.0000763242497954	9.79530568176e-05
1406.0171885616146	1.0001234145993778	9.79540110914e-05
1406.037621166557	0.999936659428336	9.80088633005e-05
1406.0580537719652	1.0000143856354151	9.81185423273e-05
1406.0784863769077	0.9999504159688732	9.82598351644e-05
1406.0989189818501	1.0000170978973622	9.8409133739e-05
1406.1193515867926	0.9998547852273658	9.83165184049e-05
1406.139784191735	0.9999219585360082	9.81959943732e-05
1406.1806494011544	0.999982919889851	9.80341409882e-05
1406.2010820056312	0.9999060566283046	9.79900877073e-05
1406.2215147102252	1.0000524897365553	9.79497443359e-05
1406.2419472145848	1.0001668873082985	9.79658108812e-05
1406.262379818596	1.0000491291256854	9.80013701121e-05
1406.2828125227243	0.9998301553884784	9.80579258802e-05
1406.303245027084	1.0001167225075993	9.81938839873e-05
1406.323677631095	1.0000671659370906	9.80346490897e-05
1406.3441103352234	1.0001183448879745	9.79646675009e-05
1406.3645428391173	0.9999582813027564	9.79862508666e-05
1406.3849754431285	1.000137201612326	9.81901940368e-05
1406.4054081467912	0.9998917095416576	9.84779567591e-05
1406.4258406506851	0.9999798788823426	9.83761965233e-05
1561.8824179270305	0.9999961161353604	0.0001010336226785
1561.9232866424136	0.9999859939613752	0.0001001614013417
1561.9437211505137	0.999980002696629	0.0001002811270531
1561.9641554583795	0.999853957840257	0.0001003956332485
1561.9845898668282	0.9998504166637642	0.0001005038185033
1562.0254587843083	1.0000331471603836	0.000101479171494
1562.0458931932226	0.9998782297337988	9.91613507093e-05
1562.0663276021369	1.0001009920281745	9.93885699981e-05
1562.0867619113997	1.000009701574096	9.89611946779e-05
1562.1480651404709	0.9999796586452944	9.69254998965e-05
1562.1684996508993	1.0000589815233951	9.72939103404e-05
1562.1889340612106	0.9997914182244652	9.70258516702e-05
1562.2298028822988	1.0001993565439184	9.63872473045e-05
1562.2502372930758	1.0000288146674294	9.63583361785e-05
1562.27067180397	1.000016909539848	9.66893504897e-05
1562.291106115561	1.0000376995703264	9.64575121154e-05
1562.3115405268036	1.0000979847088878	9.65314914292e-05
1562.331975038629	1.000056425780043	9.74368140006e-05
1562.3524093502201	0.9999742277875274	9.65487009107e-05
1562.3728438625112	0.9998688265078256	9.71839083096e-05
1562.3932782746851	0.9999492507393072	9.63830968854e-05
1562.4137125872076	0.9998267057557008	9.95810427517e-05
1562.4341470994987	1.0001337516330868	9.80772063596e-05
1562.454581512604	0.9997410901632602	9.67711577645e-05
1562.475015825592	0.9998493576387826	9.72372157199e-05
1562.4954503383487	0.9999867724358082	9.84709591435e-05
1562.5158847519197	1.0000673145100607	9.80057817251e-05
1562.5363191654906	1.0000726906821231	9.71947485391e-05
1562.5567535790615	1.0000250917043034	9.73874669892e-05
1562.5976225072518	0.9998898791808408	9.7355912257e-05
1562.6180568216369	0.9998926335227454	9.76294634701e-05
1562.638491236139	1.0001508936258374	0.0001017829896724
1562.6589257507585	0.999884015674674	9.68276299638e-05
1562.6793601657264	1.000086718479834	9.77824739373e-05
1562.699794480577	1.0000424022910366	9.87875797025e-05
1562.7202289961278	0.9998343727800963	9.80752875635e-05
1562.7406633114442	0.9997750279727168	9.84766466557e-05
1562.761097826995	1.0000827793253544	9.75684419639e-05
1562.7815322428942	0.9998778701715952	9.73590319316e-05
1562.8019665591419	0.9999131363755218	0.0001050211608776
1562.8224010751583	1.0000153221731944	9.70786561943e-05
1562.8428354915231	1.000162914824207	9.70600333376e-05
1562.8632698082365	0.9998658254628984	0.0001006846924728
1562.8837043251842	0.9999572886713886	9.67860454835e-05
1562.9041387420148	1.0000487896363852	9.933563954e-05
1562.9245730591938	0.9999691257271128	9.94014350324e-05
1562.9450075766072	0.999815949538752	9.71432660659e-05
1562.9654419939034	0.9999133939113132	9.80915706021e-05
1562.9858765117824	0.9999257016380256	9.69978635243e-05
1563.0063108298928	1.000043514942193	9.75878779299e-05
1563.0267452476546	0.9999938500736008	9.93232230635e-05
1563.0471797659993	1.0002300186743691	9.70027614898e-05
1563.0676140845753	0.999868023492146	9.65470757135e-05
1563.0880485032685	1.0000656774527743	9.88031755338e-05
1563.1084830220789	1.00028395075033	9.68104019707e-05
1563.1289173411205	1.0001314509853243	9.64334760738e-05
1563.1493518603966	1.000117867550808	9.63745409071e-05
1563.169786280021	1.0001660208099972	9.70517619462e-05
1563.1902206996456	1.0000317366385088	9.72104064361e-05
1563.21065511927	0.9999759999081131	9.63973334286e-05
1563.2310895393603	1.00004160038962	9.68033050468e-05
1563.2515239594504	1.0000487263518445	9.70482989405e-05
1563.2719583800063	1.0001555944189615	9.71344108742e-05
1563.292392800562	1.0001475029031266	9.64562255865e-05
1563.312827221118	1.0000358129215532	9.64436983179e-05
1563.3332617422566	0.999989306864543	9.68759837604e-05
1563.353696063161	1.0000200969823323	9.66542195103e-05
1563.374130484648	0.9997868846936832	9.67119169483e-05
1563.3945649061352	0.9999926015816678	9.68740250366e-05
1563.4149993276224	1.0000562985571175	9.74997430861e-05
1563.4354338496923	1.0001119512408947	9.68545498392e-05
1563.4763025939465	1.0000530200507547	9.85117282135e-05
1563.4967371160164	1.000060554981217	9.68793074551e-05
1563.5171714387834	1.0000825887334677	9.69347350079e-05
1563.5376059617847	1.0000162651517628	9.92650998313e-05
1563.5580403846689	0.9999898925467674	9.70512514709e-05
1563.5784747079015	0.9999999328727204	9.71191527039e-05
1563.5989092309028	1.0001544668633455	9.76595155398e-05
1563.6193436547183	0.9999764660241148	9.72324601757e-05
1563.6397779784165	1.000060952399985	9.73112156029e-05
1563.6602125023492	0.999998142725545	9.89964606099e-05
1563.6806469266303	1.0001459754073585	9.80018995229e-05
1563.7215157751925	0.9999542483966342	9.70616994741e-05
1563.7419501999393	0.9999516693613258	9.6980834443e-05
1563.7828190498985	0.9999549334591088	9.87734092284e-05
1563.8236880004406	1.000012919321724	9.79169452884e-05
1563.844122425653	1.000035106989963	9.80443937175e-05
1563.8645567516796	1.0000848734231589	9.77674739471e-05
1563.884991277475	0.999990374945254	9.9821366976e-05
1563.9054257036187	0.9999278255487218	9.77020351865e-05
1563.925860130228	1.0000170914324185	9.78346034356e-05
1563.9462945563719	0.999896357718134	9.77267614045e-05
1563.9667289829813	1.0000653302006948	9.79267346842e-05
1563.9871634100564	0.999989053544332	9.90232395169e-05
1564.0075978371315	1.0001159402115114	0.0001031047383956
1564.0280322642066	0.9999114467348084	9.76228051658e-05
1564.0484666917473	1.000020013440579	9.88478081188e-05
1564.068901119288	1.0001444468357428	0.0001019259207188
1564.089335646946	0.999876270925415	9.74882690563e-05
1564.1097699748352	1.000139511090304	0.0001022727541293
1564.1302044033073	0.999860584478708	0.0001020929535613
1564.1506389314309	1.000224590682434	9.78091953009e-05
1564.1710732597858	1.00007987136962	0.0001010489502572
1564.1915076887235	1.000055368389255	0.0001011872465399
1564.2119422177784	0.9999465270172688	9.72905526998e-05
1564.232376546599	1.0001235952757015	0.0001099122194868
1564.2528109760024	1.0001015429010245	9.86046183823e-05
1564.273245505523	0.999921716774733	0.0001026260579473
1564.3141143647954	0.9999223087882364	0.0001013309734361
1564.354983124882	0.999654797173699	0.0001021473822949
1564.3754176553339	0.9966073682188794	9.70223204529e-05
1564.3958520856686	0.9946361506328918	0.0001034629259689
1564.4367209472694	0.9934496329371296	9.90532713741e-05
1564.4571553785354	0.9933507262386042	9.97760965058e-05
1564.477589909453	0.9931033488518236	9.84558766462e-05
1564.498024340719	0.9928376250060782	9.72623253301e-05
1564.5184586723335	0.992511392737353	9.93603950387e-05
1564.5593276363797	0.9925311154306078	0.0001052995031316
1564.57976196846	0.9923143363688978	9.76068945637e-05
1564.6001965007745	0.9926344766450556	9.63059325207e-05
1564.6206309334375	0.9934745036421496	9.97160873401e-05
1564.6410652659833	0.9929736809398548	9.69227480632e-05
1564.6614997987635	0.9926619879711988	9.77134641599e-05
1564.681934131775	0.9927646060835094	0.0001003966362225
1564.702368665021	0.99304740796559	9.63691337657e-05
1564.7228030986153	0.9937029763215413	9.6434587276e-05
1564.7432374320924	0.9940352934678248	9.80376618033e-05
1564.763671965804	0.9948163904904698	9.83426133332e-05
1564.784106399864	0.9974013023324176	9.85012382336e-05
1564.8045407338068	0.9997371885654848	9.82502070067e-05
1564.8454097029753	0.999923471891882	9.73477040398e-05
1564.8658442376181	0.9999618358177826	9.73306814543e-05
1564.8862785724923	0.999971821318578	9.67467528092e-05
1564.9067130074836	0.9999861062237592	0.0001013613746525
1564.9271475425921	1.0000525726086709	9.76963071426e-05
1564.947581877932	1.0001787532417092	9.73001970471e-05
1564.968016313389	0.9999515174171928	9.83485536701e-05
1564.988450848963	0.9999087681655854	9.87553660983e-05
1565.0088851852342	1.000118866509474	9.68271271834e-05
1565.029319621157	1.0000160992260965	9.7106476167e-05
1565.0497541571967	1.000006752000421	9.86016369872e-05
1565.0701885940507	0.99997256631639	9.75592316614e-05
1565.090623030439	0.999986161972253	9.81924963436e-05
1565.111057467293	0.9998474190334288	9.82281233836e-05
1565.131491904147	0.999831618900417	9.86799440261e-05
1565.1519263414666	0.9999187508999242	9.75059888772e-05
1565.1723607787862	0.9997434246167896	9.71933180495e-05
1565.1927952161059	0.9999006154740108	9.74381021638e-05
1565.2132297540084	0.9999505103008306	9.71940480422e-05
1565.2336640916765	1.0002363082074477	9.75709313152e-05
1565.2540986300446	1.0001187152456756	9.73798124971e-05
1565.2745330682956	0.999696832520501	9.73411972026e-05
1565.2949674064294	0.9999968391197008	9.745673559e-05
1565.3154019452631	0.9999169882572544	9.71613556415e-05
1565.3358362838626	1.0000324762485664	9.73258617447e-05
1565.3562707230449	0.9998887165979864	9.69934656737e-05
1565.3971396014094	0.9998169273683344	9.67934947841e-05
1565.4175740405917	0.999712621781896	9.7895307208e-05
1565.4380085803568	0.9999121305704296	9.63633765576e-05
1565.4584429203533	1.0000418594167004	9.74923649015e-05
1565.4788774601184	0.9999916821985516	9.62666849697e-05
1565.499311900232	1.0000699805081037	9.64354302705e-05
1565.519746240694	0.999925912120354	9.68644395394e-05
1565.5401807813905	1.000011422571439	9.64380688699e-05
1565.5606152219698	1.000139884564629	9.63572689114e-05
1565.581049662549	0.9998930831052744	9.68769246346e-05
1565.601484103594	1.0000233049255582	9.65124975768e-05
1565.6219185451046	1.0000386591907555	9.66842252837e-05
1565.6423530862667	1.0003352916218593	9.67148282708e-05
1565.6627874281257	1.0000798713064107	9.98996118955e-05
1565.6832218696363	1.0000432036697804	9.68182357197e-05
1565.7036564117298	1.0000207108035069	9.74924564036e-05
1565.724090853706	1.0000355831142964	9.9212817558e-05
1565.7445251960307	1.00017301192822	9.64684091093e-05
1565.7649597385898	1.0001602616752456	9.93566497066e-05
1565.7853941810317	0.9999639126866896	9.80698382704e-05
1565.8058286239393	1.0000218236375502	9.70997858527e-05
1565.8262630668469	1.000084055355937	9.81278437766e-05
1565.84669751022	1.0000051886890418	9.71742234089e-05
1565.8671320532449	0.9999389558495264	9.65683029791e-05
1565.8875663969666	1.0000711502805646	0.0001016608819657
1565.9080008403398	0.9999754647051426	9.63569104872e-05
1565.9284353842959	0.9999358283498572	9.80019038281e-05
1565.9488697284833	1.0001722817711372	9.9480928789e-05
1565.9693041723222	0.9997831469742148	9.6936574265e-05
1565.9897386166267	1.0001689759260255	0.0001011173945008
1566.010173061397	1.0000279243313317	9.77068471046e-05
1566.0306076062843	1.0000786275078155	9.6979690795e-05
1566.0510419509374	1.0002131805539598	9.96785842645e-05
1566.0714763961732	0.9998669359729612	9.71186862104e-05
1566.0919109410606	1.000071882353162	9.7112006527e-05
1566.112345286645	1.000000577970929	9.89683488197e-05
1566.1327797323465	1.0001147327218094	9.75220392123e-05
1566.1532142776996	0.9998306566889856	9.71043023953e-05
1566.1736486237496	1.0000115996362036	9.82527825762e-05
1566.194083170034	0.9997022860919936	9.72975392827e-05
1566.2145176162012	0.9998276180455798	9.77824978213e-05
1566.2349519627169	1.0001647548930654	9.69271944276e-05
1566.2553865090013	0.9998595178358528	9.69657361201e-05
1566.2758209560998	1.000107021904495	9.70519819582e-05
1566.2962554027326	1.0000713982314386	9.6871671592e-05
1566.3166898502968	1.000116754509918	9.68288213355e-05
1566.3371242973953	1.0002528821156522	9.94940045843e-05
1566.3575587449595	0.9998065136192952	9.68894070885e-05
1566.3779932921752	1.0000059261185612	9.69016260891e-05
1566.398427640088	0.9998665532470034	9.97029620704e-05
1566.418862188235	0.9999690852173932	9.68861465322e-05
1566.4392966362648	0.9997979438688472	9.79525216929e-05
1566.459730984643	0.9999677513923032	9.6745544279e-05
1566.4801655332558	0.9996766555355696	9.6739254385e-05
1566.5005999817513	1.000119432510575	0.0001012400953845
1566.5210343305953	0.9999271356087952	9.70248309091e-05
1566.5414688796736	0.9999891126785724	9.67931683325e-05
1566.5619033286348	0.999939742744351	9.65576187342e-05
1566.5823377780616	0.9998361367141076	9.6610772341e-05
1566.6027722274885	1.0000500145466198	9.75202001681e-05
1566.6232065772638	1.000120253670675	9.7134230716e-05
1566.6436411272734	1.000009297674617	9.65371707831e-05
1566.664075577166	0.9999446550729068	9.93532468829e-05
1566.7049444778822	1.0000938292584851	9.68882918995e-05
1566.7253789282404	0.9999703464201156	9.67831618571e-05
1566.7458133790642	0.9999702980505916	9.72284241983e-05
1566.766247829888	1.000009156431963	9.62176106078e-05
1566.7866822807118	0.9999398958041	9.81849191134e-05
1566.8071168321185	0.9999988060512638	9.71601104885e-05
1566.847985635046	1.0002149696743716	9.8254520143e-05
1566.8684201869182	0.9999344052145364	9.72559231641e-05
1566.8888546386734	1.000055360161776	9.67398824683e-05
1566.929723543115	0.9999189854188628	9.66285715474e-05
1566.9705924475566	0.9999779695865244	9.75785432737e-05
1567.0114613533951	0.9999456212628092	9.64490396699e-05
1567.0318958065473	1.000063659819031	9.83504519874e-05
1567.0523302596994	0.9999862569502552	9.69741793134e-05
1567.0727647133172	0.99990843447983	9.6856835616e-05
1567.1136336205527	1.0001814617967124	9.74586495466e-05
1567.1340681742877	0.9998789398181008	9.74545537666e-05
1567.1545026283711	1.000232209437815	9.79288804875e-05
1567.174936982803	1.0000446952314384	9.74460012387e-05
1567.1953715370037	0.99999156257454	9.8160745715e-05
1567.2158059915528	1.0000263035515022	9.79555415769e-05
1567.2362403464504	0.9999547383807332	9.73558228602e-05
1567.2566749011166	1.0000826584552542	9.88612586236e-05
1567.27710925648	0.9999348384489704	9.84045546378e-05
1567.2975437114947	0.9999734840943156	0.0001007420592474
